-217
-102
189
444
609
38
-882
-1447
-744
755
2333
2698
866
-3100
-7877
-11367
-12019
-8386
-1564
6137
11924
14749
14515
12417
9700
7750
6301
4393
857
-3913
-9148
-13503
-16213
-16097
-14354
-11930
-10404
-9859
-9952
-10508
-11244
-11431
-10819
-10241
-10329
-11325
-12958
-14624
-15972
-16028
-15704
-15090
-14490
-14524
-15057
-14643
-12188
-7514
-2413
1212
1708
-1707
-7636
-12457
-12989
-7961
268
8445
12626
12078
7193
1548
-1615
-660
3235
8155
11743
12505
10207
5565
-629
-6372
-11280
-14320
-15262
-13652
-9624
-4548
486
3499
4030
2335
-727
-4377
-7696
-10993
-14550
-17342
-18396
-16595
-11282
-3518
4499
11275
15100
15739
13092
7728
661
-6630
-12273
-14411
-11741
-5100
2809
9337
12112
9372
1986
-6546
-12529
-13869
-10113
-3954
2066
5472
6590
7117
8655
12407
16549
18933
17277
11763
4793
-639
-2002
2035
8957
15276
17006
13240
4986
-4624
-11917
-15815
-15746
-13392
-10754
-8461
-6828
-7045
-9676
-14278
-18960
-20811
-17556
-8503
4108
14720
18043
13086
1664
-10525
-18000
-17963
-12053
-3940
1797
3233
-121
-5971
-12091
-16076
-18012
-17538
-15218
-11266
-6099
-1609
412
-121
-3509
-7869
-11689
-13347
-12933
-11405
-9726
-9358
-10502
-11842
-12409
-11080
-9335
-8270
-8871
-11967
-15694
-17036
-13385
-4320
6929
15869
17876
12495
1797
-8563
-13075
-10118
-1548
8842
16392
19244
16361
9292
-199
-9327
-16456
-19216
-15967
-8046
2797
12208
16451
13901
5131
-6285
-16149
-22213
-22611
-18265
-10405
-1345
7128
13223
15371
13930
9162
3587
-420
-1482
1200
6039
11213
15249
16471
14929
11118
5023
-2368
-8727
-12179
-11379
-6709
-1240
1755
1657
-681
-2648
-1519
2795
9309
14780
16187
13085
6529
-2027
-10679
-17575
-21663
-21428
-16384
-7495
2608
10294
12640
8086
-1350
-11418
-17573
-17512
-11456
-3421
2669
4172
1528
-1834
-2587
776
6260
11238
13229
10408
4905
-342
-2556
377
6151
11680
13292
10200
4049
-1364
-2782
1679
9672
16630
18353
12423
1355
-10476
-18475
-19714
-15572
-10122
-7863
-10175
-15029
-18810
-17698
-11162
-1255
7925
12289
10818
4957
-3253
-10871
-16449
-19171
-17769
-12253
-3057
6548
13051
12882
6240
-4854
-14662
-18243
-13123
-1291
11237
18393
17133
8160
-3761
-13779
-18269
-18001
-15270
-12814
-12810
-14068
-14776
-13209
-8274
-2394
1929
2028
-2158
-8028
-12527
-12985
-7642
984
9214
13049
10738
2874
-6438
-13169
-15109
-13406
-10423
-8735
-10175
-13741
-16929
-17260
-13701
-7886
-2011
1806
1985
67
-1919
-1928
1564
6829
11479
12884
10200
4481
-714
-2477
919
6925
12222
13238
8589
0
-8590
-13022
-12121
-7116
-1364
1560
531
-3333
-8126
-11802
-12427
-9951
-5235
652
5788
9707
11409
10842
7447
1563
-5201
-11182
-14997
-15969
-14218
-10218
-5240
-257
4830
10161
14727
17715
18219
15906
11235
6053
1743
-672
256
3464
7839
11855
13782
13093
11130
9357
8351
7918
6159
2032
-5227
-12767
-17759
-17461
-11241
-1311
8166
13190
11976
6546
479
-2043
183
6528
13336
16896
16053
11367
5005
-937
-4230
-5113
-3432
-66
4414
9043
11901
11765
7650
682
-6811
-11933
-14145
-13050
-10875
-9621
-10156
-11804
-12873
-12050
-7933
-1372
5878
11680
15259
16804
16487
14892
12532
9092
4913
482
-4491
-9673
-13820
-16055
-15974
-14497
-12258
-10359
-8761
-6815
-4182
-173
4404
9499
13514
15197
14640
11815
7020
975
-5711
-11850
-14750
-12960
-5727
3768
11514
13232
8341
-978
-9848
-13478
-10052
-911
8612
13724
11151
2243
-8935
-17613
-21498
-20978
-17682
-13820
-10756
-7955
-4873
-845
4219
9118
13164
15661
16247
15553
13631
10854
7824
4414
1595
17
-625
-1043
-945
-167
537
925
764
-131
-1073
-1140
-595
265
1818
4403
7526
11024
13469
14344
13311
10768
6332
710
-5312
-10774
-14685
-16225
-14940
-10899
-4721
2533
9612
15137
18695
20193
19173
15622
10709
5932
2084
-177
-644
-283
295
-61
-1299
-4006
-7405
-10443
-13348
-14701
-14286
-11492
-7302
-2286
1129
1445
-2102
-7685
-12173
-12350
-7566
959
10135
16734
19095
17144
13211
9693
8178
8360
9758
11608
12619
12619
11752
10075
8416
6209
3637
528
-2342
-3663
-3124
-261
3758
8188
11087
10925
7758
2522
-3962
-10104
-15451
-18096
-17162
-11835
-3684
5064
11234
12257
7603
-662
-8638
-12722
-10263
-1865
8731
17179
21497
20977
17681
14035
10857
7764
4428
667
-4055
-8617
-12608
-15795
-16918
-16426
-14144
-10209
-5829
-677
4626
9679
14321
17797
17774
12515
3273
-7301
-15200
-17345
-12186
-2698
7128
13025
12110
4800
-5068
-13452
-17317
-16550
-14025
-12393
-13772
-16264
-17129
-13470
-5286
4328
11637
12972
7950
-667
-8838
-12833
-9898
-1720
8575
16810
21021
20018
15588
9713
3945
-1573
-6419
-10238
-13456
-15286
-15939
-15290
-14313
-13586
-12696
-11031
-9040
-6071
-2873
0
2872
6070
9039
11120
12737
13506
14128
15126
15964
15571
13870
10904
6377
434
-5723
-11004
-14497
-15656
-14339
-10792
-5727
423
6306
10931
13495
14423
13426
11150
7628
4213
1373
-344
-633
-259
373
523
-34
-1330
-1978
-1087
2027
6736
10771
12410
10263
5855
1127
-1960
-1634
959
3183
2598
-2151
-9044
-14165
-14083
-7301
3281
12229
14435
8074
-3483
-14442
-19211
-14586
-3215
8703
14469
11893
2761
-7643
-14151
-13587
-7934
-1093
2821
1004
-5028
-12368
-17845
-18996
-17223
-14475
-13357
-14316
-15818
-15833
-12795
-5656
3019
10165
13022
9650
1706
-7199
-13043
-14288
-12350
-9596
-8543
-10904
-15718
-19142
-17837
-10625
96
10722
17299
18572
15950
11948
9175
9698
12382
15452
16441
14787
10270
4582
-973
-4808
-7574
-9266
-10657
-11446
-11277
-10838
-10548
-10786
-11057
-11339
-11566
-10968
-9476
-8615
-9528
-12370
-15913
-18027
-17187
-12185
-5340
443
1912
-1359
-8228
-14764
-17200
-14561
-8607
-2248
1125
570
-3957
-10183
-16055
-19206
-19575
-16655
-11221
-3611
4265
10111
11638
8775
1896
-5981
-12310
-14688
-13562
-10939
-9051
-9676
-12888
-16202
-17151
-15339
-12222
-9651
-9713
-12062
-15048
-16879
-16192
-11540
-4290
4053
11616
16302
17061
14594
10180
4470
-2319
-9083
-15018
-19140
-21066
-19913
-15447
-8789
-1720
4997
10285
13930
15776
15090
12038
6744
1482
-1839
-1531
2714
8387
12698
12406
7474
-1062
-9000
-12288
-10185
-3267
5118
11398
14148
13095
8302
901
-8051
-15997
-19904
-17600
-8580
4352
15258
19002
12896
-391
-13658
-19983
-15756
-3360
9664
15810
11828
554
-10903
-15273
-10082
1355
13049
18590
15621
6462
-4630
-13089
-15457
-12541
-6069
1020
7001
11064
12389
10983
6649
-10
-6875
-11846
-13844
-12592
-10347
-9282
-10246
-12782
-14289
-12239
-6811
682
7650
11765
11901
9043
4414
-499
-3635
-4734
-3341
461
5166
9448
12792
14346
14551
12414
7929
1286
-6528
-12895
-15506
-12350
-4234
6169
14562
16893
12296
2444
-8642
-16450
-19044
-15521
-8127
521
8117
13016
14191
11271
5016
-3078
-9740
-11894
-9064
-1753
6472
11839
13288
10218
4857
-315
-4167
-5712
-4555
-712
4917
10899
14218
12739
5652
-5001
-14373
-18165
-14068
-3741
7441
14091
13603
7495
327
-2842
-696
5300
11160
12845
9269
2127
-5872
-12001
-13812
-11850
-6649
538
7411
13000
15810
14942
10992
4621
-2959
-10087
-15936
-18586
-17324
-11960
-3440
5332
11474
12632
7675
-1150
-9569
-13017
-10185
-1832
7452
13195
13287
8309
1984
-2214
-1707
2382
7976
12154
14037
13930
12388
10487
8239
5379
2367
-412
-2818
-4595
-6721
-9649
-13797
-17783
-19457
-16738
-10024
-647
7833
12172
11626
7684
2647
-530
-1050
1325
5670
10458
15007
17431
16721
11774
4022
-5035
-11542
-12794
-7371
2772
12716
17483
15228
6925
-3772
-12520
-17470
-18026
-16247
-14042
-13343
-13722
-14825
-15659
-16060
-15963
-14537
-11443
-6221
851
7597
11777
13357
12339
10640
9870
10784
12071
12728
11653
7890
1450
-5695
-11428
-15244
-17170
-17087
-15507
-12364
-7858
-3167
738
3260
5163
7066
10062
13585
17116
18540
16546
10539
1729
-6763
-12439
-12925
-9507
-3857
1224
4863
6814
8077
9740
11912
14125
14493
11986
5823
-2032
-9994
-16446
-19323
-19235
-16997
-14414
-11699
-8977
-5571
-1242
4343
10038
13314
11986
6398
-1621
-9879
-16309
-18973
-18816
-16776
-14786
-13402
-13685
-14730
-15790
-16406
-16492
-16114
-15305
-14203
-12553
-11123
-10462
-10557
-11593
-12200
-11226
-8768
-5805
-2663
-16
1833
2099
1383
-130
-1249
-2144
-1864
-341
2853
6423
9566
10889
10607
8144
4344
205
-4115
-7904
-10534
-11303
-10799
-9690
-9149
-10347
-12796
-15572
-17040
-15775
-11400
-4174
3967
10916
15760
17581
16054
11570
4575
-3501
-9879
-12333
-10085
-5086
-101
2037
-363
-6424
-12058
-13109
-8890
-458
8061
13204
12456
7635
1706
-1926
-1314
2601
7957
12580
14579
14365
13521
13923
15679
17535
18169
16664
12050
6220
1099
-1041
117
3892
8411
11976
12917
12094
10559
9833
10567
13024
15447
16219
15202
13481
11641
10260
10160
10882
11574
11125
9478
7022
3761
-253
-3962
-6737
-8838
-10117
-11599
-12386
-12537
-11516
-10076
-8453
-8107
-9637
-13393
-17212
-18983
-16888
-9863
379
10548
17024
18753
16018
11834
9112
9323
11234
12914
12375
8245
1056
-6598
-12274
-14506
-14190
-12180
-9540
-7973
-6503
-4591
-1606
3216
8932
12898
13291
8888
2398
-2667
-2855
2866
11453
18215
18299
10886
-1709
-13343
-18563
-14462
-3282
9532
17903
19289
14502
6334
-1872
-7251
-9530
-9835
-9420
-9882
-10518
-11270
-11732
-11699
-12178
-13158
-14908
-16586
-16766
-15037
-11078
-5242
1396
7318
11088
11986
9610
5114
79
-4945
-9260
-11652
-11272
-8588
-5067
-1641
275
825
-68
-893
-678
1841
6580
11882
15856
17877
17495
14934
10889
5493
-882
-6902
-11673
-14041
-14405
-13947
-14244
-15276
-16342
-15767
-11909
-5440
2659
9220
11821
9476
3565
-4110
-11029
-15802
-17749
-16184
-11019
-3856
3135
8575
11419
10566
6565
1846
-794
-726
2523
7227
11375
14465
15722
15827
15599
14760
13483
12952
14082
16751
19964
20889
17611
9138
-1869
-10887
-13426
-8637
1699
12258
18342
16764
9901
1805
-3074
-1664
5392
13609
18547
17971
13862
9407
7833
10938
16184
19819
18477
10174
-1813
-12951
-18477
-16440
-8885
-708
3495
737
-6216
-12859
-13957
-8397
2254
12728
18184
16488
10014
2471
-1818
-1124
3465
10088
16420
20127
20723
18645
14587
10174
5718
2253
175
204
2791
6782
11269
14256
15054
13545
10428
5661
520
-4984
-9999
-14567
-16780
-15983
-11383
-4243
4002
11286
15885
16987
15601
12879
10250
9342
10770
13450
15863
17653
17888
16942
15240
12431
8310
3710
-534
-3980
-6016
-7724
-10170
-12746
-14327
-14079
-11063
-6127
395
6524
10518
12120
11425
7760
1236
-7019
-14670
-18775
-16920
-9506
491
9132
12238
9090
569
-9322
-16846
-18844
-14878
-7250
1164
7978
11898
12592
10481
5660
-1558
-9291
-15934
-19653
-19737
-17389
-14490
-11228
-8501
-5258
-701
4344
8822
11352
11272
7863
2382
-4299
-11091
-16007
-18778
-18466
-15381
-9499
-2602
4539
10955
15010
16132
14367
10433
5191
-97
-5290
-9807
-13758
-16445
-16241
-12491
-4965
3500
10267
12513
9922
4594
-385
-1805
1467
8333
14847
17470
14024
5313
-4926
-13092
-16313
-15372
-12086
-9131
-7422
-6261
-4594
-1602
3468
9016
12665
12617
7696
161
-7536
-12909
-13744
-11566
-8831
-8655
-11504
-16361
-19496
-17752
-10421
58
9241
12807
9546
1318
-8632
-16616
-20213
-19575
-15649
-10265
-4976
-1356
322
193
-2149
-6341
-10253
-11936
-10508
-6183
-1366
1365
1651
-380
-2098
-1065
2719
7875
12767
15960
15729
12257
6467
-43
-6246
-11128
-13119
-11574
-6042
2059
10393
16806
19105
17826
15061
13542
13785
15601
16081
12899
5711
-3321
-10527
-12665
-8531
-163
9388
16916
19651
18328
14217
9773
5914
3767
2334
1106
-706
-1994
-2188
-1033
2275
6288
9920
11620
11530
10742
9971
9863
11256
13521
14452
12410
6289
-2508
-11245
-17118
-18790
-17102
-14495
-13250
-15003
-17983
-19689
-17774
-10799
-409
9061
13443
11686
5996
60
-2041
558
5825
10801
12043
8793
1167
-7965
-15889
-20520
-21566
-18385
-11585
-2067
8092
15372
16753
12003
2952
-6541
-12534
-13102
-8611
-2475
1925
2120
-2096
-7950
-12624
-14366
-13741
-11718
-9932
-8372
-6279
-3600
-444
3523
7087
9780
11003
10439
8132
4437
-409
-4893
-9070
-12382
-15001
-16226
-16361
-14773
-11189
-6768
-2628
-54
-86
-2362
-5962
-10373
-14742
-18061
-19210
-17217
-11777
-3587
4610
10526
12171
8479
663
-7597
-12683
-12677
-8300
-2370
1607
2854
1149
-962
-1314
1037
4877
8847
11699
11648
9247
4872
-702
-5795
-10191
-13190
-14408
-14256
-12307
-8053
-1137
6980
14260
18095
16449
9843
862
-7372
-11745
-10706
-4845
3529
11729
17049
17924
15176
9853
3840
-1910
-6715
-9838
-11474
-10400
-6791
-1003
5926
11592
14124
12101
5615
-2713
-9756
-12580
-9451
-1453
7404
12805
13203
8757
2670
-2043
-3165
-1384
1034
1912
-500
-4906
-9567
-12677
-12693
-10951
-9109
-9328
-11454
-13897
-14725
-12162
-6011
1993
8904
11998
10071
3919
-4198
-11904
-16667
-18408
-17346
-14249
-10793
-7775
-4719
-1534
2161
4707
4875
1696
-4443
-10807
-14449
-12577
-5265
4700
13440
17072
14093
5313
-4995
-12350
-14745
-12039
-6059
584
6538
10616
12249
10899
7797
3522
139
-915
1273
6137
10704
12437
9524
2400
-6004
-12651
-15800
-15762
-14379
-13648
-14481
-15572
-15355
-11952
-5924
1440
7894
11531
11486
8757
4387
96
-3247
-5035
-4273
-937
5047
11289
15868
16950
13464
6625
153
-2418
197
6669
12534
13862
8579
-1043
-10149
-13706
-10258
-1598
7762
13107
12741
8309
2530
-1604
-1770
1690
6974
11677
14669
15683
14346
11018
5692
-1071
-7443
-11979
-13389
-11901
-9737
-8849
-10652
-13852
-15633
-13288
-6302
3473
11423
13798
8749
-692
-9815
-13539
-10185
-1832
7452
12978
13185
8498
2428
-1388
-1567
1311
6085
11324
15000
16687
15459
11148
4538
-3161
-9281
-11407
-9281
-3161
4538
11365
15561
16497
14555
10408
5903
2460
508
650
1931
4540
7552
10184
11705
10806
7185
911
-7062
-14138
-17979
-16799
-9922
881
11329
17059
16838
11503
4203
-1360
-3845
-2905
-643
856
368
-2209
-6249
-11116
-15186
-18174
-18589
-15991
-9953
-1383
6802
12205
12855
9298
3625
-1296
-4646
-6343
-7605
-9382
-12591
-16426
-18471
-16622
-10832
-2951
5218
11642
15123
16263
15776
15084
14499
14413
14732
14916
15554
15592
14581
11611
7384
2315
-1183
-1028
2132
7245
11269
12066
7781
174
-8751
-15921
-20223
-20165
-16597
-10341
-3197
4270
10726
15310
17612
17819
16673
15194
14109
14209
14916
15381
15763
15030
13464
11331
8062
3896
343
-1482
-778
1877
3647
1987
-3202
-9405
-13605
-13043
-6606
3930
13575
18030
14657
5572
-5300
-13182
-16076
-14422
-10998
-9137
-9466
-11346
-12734
-11585
-7718
-2128
4318
10739
15384
17894
16809
11655
3360
-6264
-13784
-16156
-13030
-5841
3185
11056
16373
17732
15659
11107
5324
456
-2036
-1209
3573
10754
16562
17284
12251
2504
-7392
-12935
-12828
-7808
-1722
1426
427
-3927
-10009
-15474
-19243
-20222
-17789
-11577
-3178
5871
11970
12109
6641
-2809
-11900
-16966
-15226
-7587
2858
12280
18019
18555
15208
9660
3416
-3200
-9436
-14975
-18716
-19737
-18327
-14927
-10837
-7317
-4087
-1263
1678
4213
4618
1787
-4041
-10256
-14018
-12614
-6087
2668
10092
12560
8791
-268
-10297
-17078
-18195
-13882
-6436
1246
7049
10207
11021
10174
8364
5568
2585
-228
-1658
-1296
-105
816
911
-287
-1353
-1195
389
2400
3131
981
-3742
-9338
-14017
-16297
-14669
-9951
-4013
970
3529
3443
1560
-692
-3054
-5314
-7731
-10442
-13173
-15304
-16178
-15214
-12807
-9717
-5638
-889
4564
9515
12441
12353
8702
3235
-1207
-2008
1713
7696
12635
13105
8062
-1140
-9731
-13150
-10137
-2211
6718
12884
13534
9761
3783
-1480
-4115
-3853
-1693
1264
3531
5596
7599
9888
12417
13974
13902
11674
7493
3073
-159
-605
1534
5407
9254
11581
10947
7740
3295
-392
-2970
-3429
-2259
99
3075
6574
9562
11605
11664
10425
9241
9264
11668
15678
18490
17613
12395
4819
-1333
-2590
2000
10029
16822
17989
11792
788
-10630
-17489
-18019
-12575
-4775
1388
4365
4527
2554
71
-2581
-4324
-4134
-1406
4024
10761
14972
13670
5789
-6262
-16364
-19019
-12311
691
13375
18885
15184
4508
-7202
-13898
-12633
-4736
5413
12745
15102
12671
6768
-369
-7401
-13486
-16832
-16529
-12220
-5175
797
2312
-1709
-9650
-16669
-18013
-12612
-2127
8192
13206
11272
3739
-5516
-12733
-14582
-11801
-5769
1418
6990
10112
10832
9962
7273
2418
-3797
-10444
-16307
-19518
-19341
-15521
-8512
-68
8444
15208
19583
20952
19417
15604
10396
5456
1612
-624
-498
676
1699
719
-1995
-6451
-10364
-11540
-10211
-6420
-2333
552
594
-1527
-5635
-10457
-15493
-19122
-19757
-16052
-8632
978
10137
16080
18191
16452
13051
10174
9210
10362
12865
15787
17628
17319
14919
10608
5057
-1475
-7277
-11215
-12089
-9422
-4670
836
5126
8110
9576
10277
9576
8110
5126
836
-4670
-9422
-12089
-11738
-7523
-1018
6131
12080
15011
15192
14137
13993
14688
15995
15726
12051
5465
-2373
-8806
-11587
-9721
-4325
3222
11174
17071
20160
19529
15337
8362
769
-6136
-11041
-12501
-10088
-5144
584
5623
8664
10005
10418
9328
7340
4167
143
-4182
-7401
-9501
-10434
-10059
-8635
-5541
-897
5235
11358
15597
16210
13294
8333
3019
-762
-2060
-1261
205
1017
-425
-4196
-8622
-11698
-13195
-13031
-11869
-10557
-8929
-6328
-3154
556
3985
7195
10511
14053
18096
21264
21524
17232
8648
-2133
-10665
-13242
-8676
219
9049
13523
10724
2273
-7457
-13435
-13807
-8739
-2112
2673
2962
545
-2107
-1841
1838
7524
13143
16544
16735
14840
12149
9991
9899
11272
13615
15597
17166
17777
17229
15097
12158
8481
4369
-125
-4033
-6658
-8625
-10172
-12233
-14131
-15632
-16154
-15690
-14210
-13337
-13810
-16518
-19255
-20103
-17061
-9739
-12
8643
12905
11634
6026
143
-1920
854
6717
13008
16860
16283
11275
4530
-1056
-4144
-4868
-3206
-7
4428
9554
13854
16310
15854
13283
10420
9562
10566
13137
14479
12396
6425
-1707
-8878
-12378
-10358
-3809
4684
12170
16500
17905
16788
14164
11360
8835
5675
1281
-4222
-9137
-12099
-11960
-8665
-4117
-240
1047
-1061
-5174
-9492
-11846
-11227
-7429
-2638
870
2485
2210
932
-390
-1065
-1384
-1065
-174
1034
2020
2040
783
-2430
-7005
-10855
-11925
-10034
-5948
-1603
1407
1516
-336
-2069
-1537
2139
7982
13670
16884
16645
13862
10733
9190
10733
13862
16645
16884
13670
7982
2139
-1537
-2069
-336
1516
1623
-1501
-6138
-10479
-12535
-10893
-6124
-984
1959
1489
-692
-2555
-1521
2306
7608
11675
12115
8186
1167
-6338
-11911
-13304
-10969
-5749
455
6618
11547
14557
15557
13685
9517
4190
-584
-4378
-6518
-8048
-10116
-12256
-14204
-14294
-11163
-5582
1562
8848
15217
18957
20023
17505
11532
3294
-4991
-10680
-11716
-7457
295
9143
15961
19447
18707
15107
10343
5685
2573
776
150
307
1167
1540
704
-2100
-6503
-10463
-11760
-10463
-6503
-2100
920
1642
978
-137
-676
636
3644
7576
11606
14348
15571
15486
14298
12870
10408
6638
1454
-5155
-11348
-14585
-12614
-5926
3121
10542
12499
8494
691
-7430
-12417
-11619
-5065
4068
11993
16987
18065
15593
10145
3596
-3623
-10196
-15383
-18156
-18203
-16671
-15090
-13846
-13874
-14629
-15790
-16508
-16303
-15670
-14912
-14266
-13244
-12125
-10812
-9865
-9952
-10502
-10926
-11279
-11850
-11887
-11035
-8982
-6469
-3333
393
3714
5966
7878
10251
12476
13680
13420
11529
7885
3293
-177
-917
1728
6488
11906
15926
17965
17914
16568
14709
13394
12981
12576
11231
9035
6453
3415
288
-3302
-6908
-9885
-11319
-11672
-10716
-9893
-10112
-11628
-12971
-13249
-11585
-7202
-503
6479
11804
14321
14110
12222
9718
8014
6423
4405
919
-3436
-8189
-11410
-12018
-9245
-4906
-823
1253
-249
-4145
-8838
-11895
-13003
-11910
-10348
-9795
-10712
-12306
-13038
-11351
-7243
-1640
4702
10514
15413
18473
18905
16260
11108
4670
-259
-1498
1579
6858
11495
12686
8724
598
-7905
-13012
-12934
-8145
-2019
2438
2698
423
-2119
-1993
1319
6643
11234
12908
10043
4759
-186
-1575
1141
6574
12515
16285
17190
15532
12759
10424
9492
10202
12271
14943
17862
20221
20188
16283
9063
122
-7769
-11810
-11657
-7588
-2520
672
907
-1483
-5814
-10965
-15185
-16766
-15418
-10843
-4437
2971
8835
11013
9344
3852
-3537
-10799
-16152
-18330
-16698
-11625
-3576
4733
10790
12189
8284
258
-8025
-12496
-12191
-7507
-1816
1358
1002
-2857
-7813
-11873
-12713
-10632
-5938
311
6726
12401
15675
15710
11821
4499
-4064
-11279
-16243
-18241
-17599
-15312
-11505
-7382
-3243
359
3075
5085
7108
10241
13627
17038
18356
16384
10565
2015
-6348
-12204
-13169
-10266
-4744
1548
6218
9069
11055
13210
16226
19061
18836
13784
3246
-8741
-17484
-18813
-10970
2145
14324
19046
14289
2712
-9131
-14609
-10950
172
12206
18472
16520
7967
-3279
-12962
-17652
-17811
-14524
-9800
-5452
-1840
32
-15
-2437
-7014
-12094
-15735
-17426
-16264
-13475
-10471
-7379
-4908
-2539
-364
2502
5334
8210
10870
12926
13902
13317
11087
6889
758
-5758
-11341
-14943
-16712
-16560
-14735
-12250
-9215
-5473
-633
4323
8947
11653
11566
8727
4808
1240
-482
470
3341
7349
11368
13902
13974
12417
10411
7845
5139
2458
99
-1641
-1994
-1253
586
2440
4380
6731
10087
13612
16862
18107
16530
11649
5607
576
-1439
983
6678
12994
17057
17352
14529
10913
9220
9831
12256
13806
12604
7132
-430
-7779
-11952
-12352
-9266
-4312
1030
4672
7189
8737
10322
11777
13580
15014
15510
15531
15703
15825
15515
15317
14822
14631
14727
15400
15791
14809
11585
5934
-741
-7111
-11385
-13464
-12953
-11458
-10581
-10365
-10259
-10372
-10117
-10065
-8864
-6134
-1531
4982
11823
15540
13676
5275
-6843
-16713
-19005
-11840
1167
13687
19426
15186
3292
-9163
-15351
-11515
-86
12511
19610
17995
10081
1031
-3364
-1353
4750
10985
13528
9746
1877
-6877
-13113
-13885
-10180
-4005
1725
5757
8671
11113
14341
17569
19803
19538
16087
9017
219
-8644
-15463
-19318
-19964
-17083
-11384
-3397
5140
12258
16508
16580
14136
10920
8940
9906
13250
15530
13595
6690
-3474
-11812
-13980
-8588
1182
10299
13955
9386
-647
-11577
-18214
-17986
-11548
-3191
2939
3988
1450
-1792
-2714
674
6450
11683
13100
10099
4671
-270
-1561
1101
5776
10147
11939
9434
3311
-4475
-11877
-16301
-17125
-14687
-10184
-4224
2693
9426
14710
18357
19380
17150
11923
3642
-5298
-12790
-16547
-16291
-13549
-10466
-9638
-11336
-14959
-17578
-16817
-11295
-1670
8723
16487
20116
19759
16077
10626
4278
-2429
-7981
-11621
-12346
-11346
-9855
-9534
-10938
-13741
-15146
-12589
-6264
2592
9977
12928
9445
1752
-6855
-12658
-13424
-9924
-4056
1544
5328
6858
7746
9644
12521
15192
16628
16123
12928
8387
3504
-675
-2657
-2849
-1467
673
2891
5002
7273
10291
12903
14768
14456
11335
5598
-854
-6826
-11128
-12303
-10277
-5686
585
6419
10900
13585
14824
13838
11187
6607
567
-5904
-10749
-12776
-11397
-6106
1368
9391
15717
19449
20115
18278
15185
11057
7195
3438
-270
-3192
-5447
-7483
-9904
-12666
-15286
-15709
-12402
-5549
3394
10527
12711
8792
1139
-7126
-12669
-13027
-8881
-2885
2046
3626
1831
-895
-2352
-895
1831
3626
2568
-2639
-9338
-14100
-13834
-7074
2998
11654
14382
8998
-1640
-11538
-14786
-9076
2790
14377
19080
14784
3861
-7732
-14259
-12293
-3974
6299
13821
14898
10607
3663
-2245
-5566
-6908
-7621
-8912
-11980
-14759
-15496
-12166
-5244
3311
11223
16495
17533
15601
12332
9857
9508
11272
14006
16253
17229
16558
15356
14286
14275
14286
13683
11711
8102
4243
930
-799
-766
710
1786
1226
-2100
-6503
-10463
-12066
-10607
-6235
-1471
1782
1696
-268
-2182
-2033
1560
7212
12022
12955
9670
3833
-1115
-2065
2023
8835
15012
17077
13478
5313
-4380
-12050
-16173
-16442
-13977
-10268
-6604
-3236
-893
-79
-180
-771
-1028
48
2055
5353
8613
10585
11221
9638
6060
437
-5514
-10823
-13330
-11417
-6007
1276
7812
11222
10273
5209
-2514
-10631
-17742
-21566
-21163
-15799
-7025
3135
11744
15893
15401
10650
4414
-726
-2454
-21
5198
11553
16782
19218
18564
14633
8601
613
-7679
-15146
-19861
-20417
-17151
-11207
-3295
4499
10032
11370
8391
2386
-4949
-11716
-15754
-16352
-15175
-14373
-14157
-15221
-16194
-16131
-14707
-12943
-11380
-10616
-10973
-11872
-13363
-14955
-16644
-18123
-18191
-16113
-11740
-6669
-2013
833
1469
-30
-1501
-1462
1642
6294
10620
12697
10908
5758
384
-2574
-1321
1926
4301
2435
-3681
-11849
-17800
-17553
-10665
474
11204
17080
15814
8662
-1721
-11820
-18901
-21663
-20102
-15027
-7700
286
7120
10921
11523
8556
3932
-403
-3178
-3312
-1783
556
2321
2601
1617
-615
-3057
-6045
-8678
-10626
-10981
-9070
-5273
-480
5098
9975
12585
11701
7149
161
-6989
-11777
-13561
-12715
-10906
-9648
-10514
-13318
-16010
-16334
-14121
-9699
-4368
575
4303
7212
9279
10564
11958
13074
14257
15136
16379
17067
16995
15869
13033
8292
3151
-768
-3591
-5525
-7466
-9916
-13477
-16597
-17973
-16443
-11246
-2937
5734
12067
15138
15828
15106
14631
14548
14593
13780
11244
6905
892
-5423
-11134
-14662
-16158
-14895
-10966
-5201
1563
7447
10842
11409
9707
5788
436
-5337
-9762
-11982
-11625
-8292
-3835
-25
1476
-796
-6055
-11164
-12752
-10403
-4887
292
2241
-629
-6518
-11797
-13158
-8459
390
10239
17232
19933
18741
15889
13447
13385
14389
14737
12481
6981
-570
-7771
-12141
-13219
-12194
-10570
-10294
-11431
-13050
-14608
-15006
-14343
-11576
-7016
-1170
5800
12373
15554
12847
4832
-6199
-15193
-18056
-12733
-2266
8325
13634
11142
1630
-9849
-17839
-20305
-17699
-12930
-9128
-8049
-8946
-10630
-11807
-10880
-8474
-4558
528
5448
10053
13397
15251
14701
11279
5989
-407
-5803
-9723
-11259
-10121
-7058
-2780
2850
9763
16378
20918
21355
16800
7253
-3853
-13061
-16926
-13998
-5640
4571
12630
16210
15020
11682
9273
8713
10206
11818
11926
9776
6556
2904
-477
-2278
-2972
-2122
89
3066
6546
9389
10625
10268
8567
5262
915
-4636
-9528
-12446
-12358
-8647
-3047
1493
2188
-1774
-8377
-13565
-13789
-7141
4198
14595
19026
14528
3565
-8143
-14706
-13333
-6451
974
3453
-573
-8929
-16469
-18005
-12371
-1920
9271
16725
18513
15305
8375
-417
-8062
-13319
-14552
-11436
-4143
5079
13004
16501
14171
6252
-3823
-12412
-17307
-17714
-15790
-14019
-13134
-13076
-12843
-11766
-8991
-5609
-2216
724
1841
1914
910
-350
-2123
-4619
-7504
-10560
-13099
-14896
-14515
-11505
-5379
2221
9891
16139
19280
19312
17181
14270
11527
8957
5784
1040
-4435
-9801
-12769
-11857
-6929
18
6884
11462
12328
10131
5450
-567
-5862
-8992
-10250
-10376
-9014
-6566
-3399
145
2585
2985
1676
-421
-3574
-6919
-10708
-15071
-18545
-20209
-19188
-14938
-8571
-1246
6580
14442
20740
24044
22846
16330
6131
-5009
-13473
-16552
-12562
-3678
7234
16220
21276
20892
16519
10073
3102
-2697
-7291
-10273
-12206
-12417
-11746
-10671
-10119
-10716
-11446
-11588
-10157
-6737
-2643
1002
3506
5542
7505
10241
12976
14534
14147
11511
6187
-932
-7556
-11468
-12009
-9678
-5159
77
5466
10151
13632
15313
15857
15918
15624
15092
14847
14905
14100
11258
6705
475
-5922
-11443
-14797
-16056
-15805
-15070
-14096
-12680
-11482
-10738
-10690
-10625
-10786
-11172
-11140
-10410
-9814
-10032
-11093
-12757
-13419
-12243
-8194
-3308
621
1770
-976
-6575
-11662
-12953
-9783
-4147
847
2241
-1478
-8836
-15560
-17382
-13271
-4890
4751
12059
15672
15588
13249
10374
8342
7382
8088
10682
14044
17033
18062
15641
10262
2342
-5564
-11523
-13497
-11080
-5758
613
6187
10209
11733
10877
6999
1362
-5171
-10939
-15372
-17117
-16756
-14717
-11986
-9093
-5461
-481
4841
9828
13562
15725
15665
14432
12502
10351
9483
9520
10421
11527
12459
12600
12976
13900
15954
17713
17142
12314
3877
-5589
-13343
-16699
-14889
-8958
-2424
1171
494
-3734
-9945
-15682
-19924
-21103
-19536
-15591
-10149
-4147
193
1350
-1448
-7146
-12069
-12917
-8375
-19
8418
12878
12305
7193
1321
-1867
-634
3522
8570
12194
12362
9259
4233
-1220
-5200
-7877
-9268
-9843
-9878
-8568
-5654
-1266
4717
10477
13688
12484
6560
-1670
-9132
-12687
-11089
-5789
-236
2024
-497
-7005
-13808
-17128
-15806
-10598
-4047
981
3436
3660
2178
-275
-2172
-3312
-2789
-528
3627
8333
11667
12015
8279
950
-6955
-12545
-14289
-12782
-10246
-8759
-10102
-13050
-14918
-13317
-6967
2117
10140
13299
10811
4973
-589
-2238
1467
8333
14847
17038
13821
5692
-4037
-12306
-16440
-16755
-14088
-9742
-5997
-3056
-1382
-552
-1238
-3324
-6626
-10208
-13956
-15855
-15208
-11145
-4599
2931
10132
15775
18600
18392
16568
14656
13744
14063
15072
15749
16240
15989
15557
14914
14626
13881
12708
10765
8406
6185
3559
161
-3506
-6529
-8995
-10532
-11799
-12100
-11895
-11551
-10592
-9041
-8335
-9642
-12440
-14953
-15387
-11950
-5194
3038
9659
11910
8824
1061
-8320
-16514
-20468
-20161
-16134
-9999
-3266
2493
7031
9850
11239
10179
6650
1102
-6117
-12663
-16705
-16907
-12464
-5934
-90
1808
-744
-6670
-11989
-12821
-8440
-28
8257
12568
11076
4622
-4062
-11675
-16431
-18017
-16040
-11235
-4102
3593
9648
12062
10268
5163
57
-1695
566
6044
11167
12628
9161
1572
-6689
-12106
-13301
-10779
-5649
173
5679
10140
12324
11801
8227
3143
-977
-1521
1631
7428
12232
13107
8270
-717
-9359
-13356
-10739
-2875
6437
13168
15108
13405
10422
9167
10378
13361
16038
16473
13828
9268
4013
-675
-3166
-3730
-2367
323
3481
6833
9415
10678
10185
8299
4860
522
-4615
-8758
-11260
-11106
-9017
-5622
-2138
4
1054
1056
594
7
504
2744
6344
10535
14952
18254
18991
16353
9592
-201
-10011
-16634
-19307
-18412
-15942
-14057
-13778
-14497
-14454
-11925
-6435
1544
9745
15941
19354
20364
18901
15263
10893
6011
2041
-573
-788
-15
924
711
-1288
-5174
-9265
-11943
-12595
-11151
-9626
-9605
-11723
-14433
-16446
-15951
-13176
-8656
-3743
35
2461
3255
2529
569
-1869
-4071
-4224
-992
4960
11436
16014
16594
12052
3292
-6029
-12610
-13884
-10277
-4105
1544
5377
7212
8206
9379
11593
13842
14465
12110
6479
-503
-7202
-11802
-13351
-12782
-11183
-10025
-10101
-11140
-12044
-11851
-9631
-5597
-1502
823
1378
905
52
-184
45
161
116
-18
-1088
-3534
-6925
-10594
-14264
-17307
-18207
-16193
-10617
-2669
5590
12194
15342
15449
14216
13323
14430
16434
16856
13326
5571
-4440
-12125
-13366
-7845
1279
9654
12714
9088
631
-9230
-16321
-18846
-15711
-8668
0
8667
15710
18845
16843
9474
-1090
-10162
-13753
-9544
468
10446
14806
10632
-190
-10975
-15073
-10425
301
10728
14698
9647
-1218
-12477
-18165
-15964
-7524
3446
12961
17482
17367
13967
9274
5620
3073
1714
1451
1307
2315
4894
9565
15203
19385
20314
16831
8631
-1319
-9547
-12286
-8997
-516
9346
16496
19504
18297
14549
10144
7113
6544
8044
11308
14497
17230
17833
15559
9832
1212
-8090
-15568
-20177
-20440
-17008
-11004
-3212
5218
12216
16202
16478
14325
11365
9333
9842
12558
14528
13029
7279
-1642
-9669
-13592
-11306
-5287
703
2493
-1133
-7983
-14678
-17536
-15137
-8510
-1574
2005
424
-4917
-11587
-16492
-18349
-17431
-14401
-10225
-6401
-3377
-1328
-241
200
-287
-642
-355
1510
4671
8319
11155
13078
13160
12140
10285
8507
6234
3570
609
-3088
-6926
-10055
-11894
-11692
-10259
-9046
-9415
-11755
-14354
-15252
-12502
-5921
2971
10320
12582
9135
1518
-6783
-12059
-12887
-9951
-4775
260
4140
5424
4140
693
-4572
-10330
-13776
-12846
-6656
2901
11138
13931
9242
-882
-10651
-14193
-9998
-268
9512
13725
10638
2048
-7382
-13261
-12282
-5726
3697
12769
18097
19561
17683
14067
9324
3456
-3136
-10002
-16220
-19871
-19936
-15698
-8196
598
9015
15372
18498
18585
15780
11284
5736
1337
-1040
-640
2539
6842
10582
12072
10109
5139
194
-2084
-52
5596
11183
13543
10674
4715
-952
-2434
783
6970
12252
13377
8296
-430
-8944
-13121
-10983
-3633
5549
13187
16318
15928
14029
13193
14602
17319
18965
17596
12144
5038
-707
-1948
1746
8227
14375
16712
14577
9365
3361
-1109
-1909
1337
6605
11753
14959
16062
14503
10731
4749
-2490
-9748
-15834
-19281
-19313
-17182
-13965
-11384
-9226
-6414
-2030
4320
11157
15074
13660
6068
-4182
-12362
-13753
-7344
3560
13852
18204
14504
4173
-7074
-13347
-12574
-5571
4084
12133
16748
17717
15421
11125
5630
188
-2827
-1820
3739
12047
18309
18497
10825
-2211
-14245
-18889
-14565
-3316
8367
14593
11741
2446
-8083
-14085
-12583
-4690
5501
13527
16803
16464
14514
13227
14410
16531
17994
17188
12915
6937
1321
-1750
-1406
721
2501
1937
-2275
-8048
-12579
-12922
-8217
423
8796
12934
11676
6925
1465
-1345
-532
3332
8125
11585
12324
10140
5679
173
-5649
-10779
-13301
-12106
-6689
1572
9161
12845
11269
5855
121
-2521
-83
6234
12159
13414
8931
379
-8247
-13062
-12287
-7618
-1921
1387
1057
-2193
-6985
-11458
-14309
-15046
-13763
-11065
-7151
-2695
501
997
-1497
-6289
-10701
-12325
-10193
-5408
-597
1564
13
-4716
-9738
-12062
-11083
-7697
-3267
314
2575
3188
2348
195
-2001
-3784
-3651
-978
4509
11045
15945
16904
12515
3740
-5889
-12832
-15176
-13541
-10490
-8831
-9831
-12495
-14262
-12708
-7140
871
8321
12717
11955
7797
2369
-1640
-2609
-1356
660
1238
468
-1441
-2440
-1341
2961
8627
13775
16571
15306
10949
4809
-1501
-5917
-8568
-10635
-13264
-17263
-21075
-22015
-18153
-8733
3081
12223
13958
7417
-3799
-14257
-18119
-13903
-3702
7161
13457
12027
3378
-8020
-17260
-21707
-21351
-16917
-9768
-2308
4932
10870
14588
16672
16341
14369
11689
8574
6701
6866
9820
14582
18691
20019
16854
8626
-2738
-12790
-17190
-14785
-6208
4330
12975
16418
15443
12054
8851
8010
9731
11981
13036
11491
9130
7652
9034
13034
17267
19309
16640
9631
589
-7522
-11748
-10805
-4898
3424
11408
16746
18682
16610
11182
2914
-5771
-12842
-16422
-15196
-9597
-2822
1681
2831
758
-1700
-1629
1340
6519
10933
11875
8831
2980
-4207
-10716
-15494
-18017
-16978
-11762
-3753
4856
11003
12402
7923
-380
-8610
-12756
-10877
-3474
5755
12588
15653
14621
11837
9271
8976
10050
11460
11605
10170
7587
4004
52
-4354
-9148
-13302
-15757
-16790
-16219
-15237
-14497
-14874
-15193
-14516
-11493
-6462
282
6809
11296
13526
13643
12458
11057
9732
8505
8413
9585
12611
15313
15943
12664
5385
-4139
-11635
-13078
-8260
992
9628
13399
9518
252
-10346
-17882
-18938
-13584
-5177
2838
7336
9162
10181
12851
17266
21264
22114
17870
7793
-4489
-14457
-17841
-12935
-2466
9350
17933
20119
16783
11458
8395
8955
12929
16811
17742
13939
7612
1410
-2014
-712
3619
8902
12348
13015
11928
10291
9990
10697
12245
12865
11118
7088
1859
-4175
-9912
-15139
-18352
-17884
-12912
-3351
8201
16829
18691
11803
-96
-11033
-14645
-9146
3076
14888
19444
14053
1100
-12272
-19335
-16173
-5192
8369
18348
21760
19518
14130
9073
5778
3850
2490
703
-2018
-4799
-7726
-10405
-12915
-15071
-15179
-12066
-5891
2333
9344
12711
10878
5855
512
-2171
-164
5284
10916
12981
10873
5362
20
-1791
588
5379
10019
11650
9448
4162
-3112
-10515
-17005
-20997
-21112
-16778
-8192
2444
10827
12953
8438
-546
-9294
-12958
-10164
-1956
7151
12900
12423
5882
-3556
-12084
-17836
-20384
-19357
-15415
-8901
-742
6855
11674
13383
12089
10084
9545
11277
14783
17394
16417
11820
4018
-4484
-11233
-15261
-16729
-15329
-11245
-6113
-1025
1794
1247
-3510
-10063
-15562
-16719
-12842
-4336
5248
12150
15359
14621
12131
10231
9728
10455
12351
14618
17276
18941
17855
12790
3533
-7878
-16559
-18558
-12263
-363
10663
14949
9435
-2490
-14435
-19619
-15238
-3267
9151
14948
11620
1907
-8596
-14386
-11863
-3423
6701
13823
14599
10191
3364
-2154
-5121
-6436
-7375
-9418
-12919
-16236
-17800
-16499
-11168
-3471
4875
11574
15702
17373
16833
15180
12261
8537
4258
-217
-4361
-8349
-11817
-14572
-16796
-18255
-17149
-12318
-4121
5804
13866
17455
14741
8281
1368
-1936
-595
4432
9970
12501
11240
6481
1392
-1559
-174
4414
10613
16481
19703
20409
18446
14293
9208
3482
-2842
-9392
-16031
-20588
-21368
-16883
-8203
2084
10107
12832
8626
301
-8324
-13118
-11394
-3571
6173
13450
15918
13740
10164
8059
9656
12859
15019
13622
7008
-2197
-10325
-13373
-10744
-4766
818
2003
-1830
-8538
-14691
-16752
-13192
-4450
6413
16408
22511
24234
21418
14667
6294
-2609
-10115
-14886
-16126
-13681
-8087
-359
7326
12436
13878
11338
4705
-3535
-11277
-16043
-16501
-12231
-5515
1330
6117
7997
8535
9520
11103
12807
13367
11620
8083
4222
1143
-168
779
3073
6555
10281
13843
15995
15551
12017
5102
-2902
-9586
-12762
-10858
-5086
672
2466
-657
-7023
-12584
-13430
-8328
1017
9718
13519
9864
872
-9702
-17777
-20217
-17906
-13073
-8469
-6301
-5978
-5367
-2587
3407
10112
14415
13138
6481
-2679
-10374
-12896
-8850
-789
7686
12521
11629
5112
-3969
-12258
-17454
-18976
-17587
-14299
-10771
-7005
-3534
-895
1503
2668
2502
1236
-1507
-3866
-4380
-1712
4126
10572
14527
13367
5895
-5649
-15547
-18309
-12730
-1122
11018
18176
17748
11196
2923
-2572
-2187
3369
11053
17369
20082
19608
17045
13758
11289
8689
5537
996
-4354
-8851
-11526
-11514
-8913
-4887
-1199
354
-573
-3153
-6905
-10975
-13966
-14667
-13420
-10978
-7256
-3308
-316
377
-1035
-4554
-8528
-11257
-12484
-12267
-11381
-11000
-10769
-11452
-12775
-14352
-16430
-18202
-17527
-12522
-4110
5387
12136
13096
7114
-3550
-13549
-17662
-14005
-4343
7550
17427
22152
21195
17310
13255
11516
11555
12346
12659
11262
9416
8322
8871
11952
15142
16216
12807
5099
-4028
-11148
-12901
-8468
569
9255
13082
9873
1374
-8990
-17434
-20768
-18708
-13788
-9089
-5942
-4054
-2750
-1342
950
2751
3075
797
-3588
-8622
-13083
-15471
-15920
-15203
-13455
-11033
-8988
-8264
-8852
-10591
-12843
-14519
-14329
-11533
-5507
2556
10571
16297
18557
16901
13288
9431
7126
5665
4161
1154
-3022
-7903
-11384
-12181
-9429
-4984
-781
1126
-351
-3955
-8393
-12025
-13313
-12144
-10276
-9196
-10174
-12334
-13758
-12418
-8329
-3264
651
1387
-1514
-6547
-10943
-12102
-8798
-2334
5343
11761
15386
15493
13286
9892
6979
4403
2365
659
-761
-1642
-1630
-610
1146
2333
2307
300
-3121
-6737
-9679
-11282
-10433
-7161
-2947
683
2642
2684
1316
-674
-2742
-4839
-7259
-10211
-13421
-16074
-17137
-15691
-12217
-7886
-3496
327
2236
2322
1142
-92
-1327
-1910
-1548
-110
2458
5392
8467
10793
12887
13941
14633
15571
16012
15976
15466
14396
13254
11386
7760
1908
-6453
-14879
-19764
-18333
-9499
3787
15242
18949
13262
1734
-9609
-14144
-10117
852
12362
18509
15790
5697
-7172
-17909
-22568
-21522
-16203
-8909
-2247
3835
9120
13634
17683
19561
18097
12246
3451
-5269
-11208
-11789
-7290
-79
7147
11409
11090
5822
-2409
-11151
-18288
-21566
-20617
-15802
-7377
2980
12001
16745
15954
10257
3096
-1974
-3168
-789
2004
2338
-1494
-8471
-14960
-17856
-15129
-8914
-2050
2462
2478
-123
-2755
-2238
1912
8091
12834
13007
7754
-872
-8937
-12496
-10282
-3853
4474
11974
16108
16497
14008
10321
6212
2694
436
-255
1249
4835
8900
11807
12702
11452
9820
9148
10657
13551
15082
12707
6318
-1929
-9149
-12514
-11041
-6168
-970
1191
-496
-5095
-10935
-16094
-18673
-17934
-14799
-10709
-6125
-1791
816
952
-2270
-8089
-13864
-17275
-16585
-12930
-9183
-8342
-11289
-16766
-20334
-18039
-9403
2495
13018
17871
14710
5459
-5403
-12891
-14651
-11445
-5186
1530
6337
8484
9174
9636
10642
11373
11738
11679
10613
9810
9520
9938
11619
13214
13719
12240
8087
2694
-1439
-1741
1742
7740
12499
12625
7580
-449
-8183
-12406
-10994
-4355
4464
12194
16468
17135
14593
9842
4550
-692
-5616
-10016
-13560
-15115
-14429
-11285
-6835
-2762
-121
467
-1712
-5285
-9041
-11153
-11206
-8568
-4326
566
4736
7428
9127
10065
11169
11831
12038
11856
10591
9040
8334
9731
12481
14874
15202
11786
5219
-2752
-9245
-11676
-9069
-1821
7431
15919
21389
23218
20998
15137
7309
-492
-6937
-10763
-11459
-8851
-4421
461
3663
4104
2337
-463
-4013
-6908
-9174
-10478
-10551
-8446
-4705
-154
5090
9716
13352
15517
15969
14880
12800
10430
8229
6167
3780
368
-3403
-7401
-10281
-11182
-9917
-7005
-3368
40
2287
3473
2834
37
-3720
-7161
-9660
-10853
-9973
-7336
-3647
285
3014
3540
2173
-329
-3887
-7886
-11826
-14908
-17015
-17404
-15554
-11558
-5250
1639
7788
11437
12728
12071
10784
9870
10640
12339
13357
11687
7554
929
-6037
-11370
-14606
-16171
-16290
-15731
-14607
-13250
-12870
-14422
-17273
-19679
-19928
-16462
-9303
150
8368
12015
10382
3900
-4465
-11960
-15895
-16517
-14180
-9943
-5783
-3074
-1553
-695
-1054
-3245
-6668
-10387
-13998
-15777
-15024
-11505
-4871
3102
10791
15967
18444
17938
16112
14742
14049
13835
13147
10775
7235
2127
-3838
-10364
-16003
-20005
-20505
-16476
-8603
1362
9411
12543
8860
560
-9318
-17185
-20187
-18003
-13201
-8955
-6321
-5521
-4520
-1674
3381
8540
11968
12134
7970
1218
-6162
-11585
-14290
-14692
-13119
-10225
-7438
-5335
-3276
-715
2526
6074
9239
11448
12474
13171
13839
14669
16301
17601
17854
16146
12368
6937
1868
-924
-1368
-160
1055
761
-1724
-5335
-8991
-11053
-11343
-9026
-5018
-304
4678
9448
12260
12194
8672
3332
-1079
-1648
1673
7349
12048
12639
8152
-162
-8315
-12871
-11217
-4343
4762
12636
16918
17808
16272
13929
11706
9404
6118
959
-5326
-11047
-14889
-16106
-13698
-9163
-3821
847
3002
2985
1259
-996
-3093
-4433
-6285
-9176
-13682
-18095
-19951
-17246
-9655
18
8590
12584
11318
6234
758
-1996
318
6483
13307
17279
16590
11339
4286
-1788
-5215
-6926
-7928
-9893
-12594
-15018
-16316
-15474
-12936
-9132
-4768
-690
2824
5369
5246
1532
-5265
-12839
-17797
-16999
-10525
-960
7954
12614
10873
3378
-5847
-12672
-14555
-11445
-5283
1617
6924
10297
12383
14337
15796
15805
14275
11440
7242
3293
466
-612
975
4174
8141
11267
13440
14432
14727
14593
14803
15363
14732
11835
6366
-287
-6808
-11908
-14305
-14527
-13958
-14090
-15650
-17491
-18305
-16317
-12144
-6255
-1255
1233
-282
-4225
-8797
-11585
-11655
-9248
-4867
370
5641
9727
12877
14880
16408
16720
16339
15801
14529
12903
11299
10066
9290
7933
5388
1262
-4662
-10638
-14056
-12860
-6252
4095
13540
17644
15361
8913
1816
-1819
-856
4118
9609
12584
10553
4181
-4262
-11754
-16993
-19485
-18837
-15573
-9632
-1612
6253
11766
14423
14593
13905
13893
15655
18522
19792
17116
9947
-491
-10595
-16920
-18403
-16424
-12810
-9537
-8775
-9750
-11359
-11626
-10484
-7273
-3286
756
3701
6342
8548
10748
12640
13673
14395
15059
15877
16272
16268
15409
14314
12723
11397
10405
10532
11247
11784
11125
9267
6657
3389
214
-3430
-6514
-9208
-11248
-12630
-12953
-13311
-14589
-16273
-17023
-15759
-11326
-4519
3807
11211
15926
16387
12903
6736
-341
-6503
-10890
-12409
-11041
-6483
-475
5941
10899
14104
14612
13160
10926
7725
4798
2017
-614
-2449
-3930
-5963
-9670
-14309
-18854
-20456
-17328
-8742
3049
13282
17481
14313
5731
-4644
-12472
-15929
-15143
-12241
-9730
-9025
-10664
-13356
-16076
-17215
-17034
-14893
-10466
-5098
1128
6689
10532
12076
10588
6530
574
-5923
-11582
-14053
-11913
-5140
3671
11849
16684
16260
10979
3886
-1941
-4070
-2401
548
1937
1105
-1166
-2711
-1640
2470
7608
11510
11712
8097
2099
-4880
-10813
-14930
-16472
-15250
-11520
-6184
-933
2110
1065
-3636
-10219
-15531
-16642
-12508
-3985
5418
12176
14289
11347
5448
-801
-6031
-9736
-11350
-10856
-8532
-5086
-1653
777
1209
-380
-1896
-1654
1534
6925
11607
13243
10160
4135
-1301
-2421
1255
7446
12565
13306
8010
-1110
-9647
-13029
-9842
-1319
8925
17269
20820
20247
17168
13923
12032
11652
11928
11670
10938
10408
10255
10403
11278
11849
11886
11034
8981
6468
3332
-88
-3571
-6235
-8508
-10719
-12345
-12782
-12189
-10459
-8490
-5976
-3329
-400
1896
3473
3225
693
-3657
-8379
-11532
-11320
-7695
-1832
4962
11281
15149
15727
13761
10335
6581
3360
1193
156
941
3385
7012
10648
14214
16341
16828
15503
12373
8359
3878
-306
-3769
-6045
-7966
-10197
-12895
-15475
-16843
-16336
-13092
-7696
-2278
1060
1836
1109
-201
-1033
-303
1299
2281
1453
-2341
-8388
-14093
-17119
-16356
-13455
-10307
-9326
-10705
-13284
-14551
-12587
-6067
3220
12014
17273
16832
11598
4303
-2178
-5365
-6358
-6749
-8667
-12658
-17619
-20191
-17507
-9683
414
9016
12389
9642
2779
-5436
-11944
-14095
-11690
-6055
732
6872
10667
11875
10230
6693
1139
-5027
-10583
-14561
-15807
-14492
-10892
-6390
-2572
-223
-182
-1916
-4906
-8152
-10889
-11580
-9494
-5255
382
5762
9421
10994
10301
7547
2590
-3684
-10339
-16153
-19737
-19869
-16034
-8744
-268
7238
11822
11911
8255
3001
-1279
-3051
-1929
219
1688
1142
-1062
-2668
-1570
2294
7049
10883
12190
9801
5407
987
-1215
-95
3765
8494
12240
13312
12143
10275
9195
10173
12333
13757
12417
8328
3263
-652
-1171
1615
6357
10497
11492
8759
3214
-3898
-11109
-16184
-17749
-15802
-10813
-4008
3376
9031
11428
9283
3350
-4439
-11865
-16603
-17716
-16344
-14205
-11628
-9148
-5788
-1062
4683
9585
12238
11737
7371
853
-6146
-11945
-14393
-14077
-11903
-9203
-7618
-7291
-6108
-2623
4050
11522
15928
13749
5002
-6672
-16054
-18290
-11749
256
12158
18435
15585
4844
-8410
-18422
-21836
-19043
-13272
-8230
-5985
-5491
-4824
-1951
3737
10112
15104
16373
13944
9371
4061
-555
-2778
-3189
-1908
-130
2042
3144
2747
414
-3770
-8942
-13591
-16492
-16345
-13406
-10207
-9284
-11028
-14462
-17173
-16594
-12821
-7044
-1741
612
-405
-4362
-9832
-15211
-18904
-20334
-18089
-11812
-2337
7479
14719
16447
12511
3833
-5641
-11967
-13590
-10632
-5062
622
4656
5521
3721
-296
-4896
-9338
-11843
-11187
-7271
-503
6548
11189
12813
10667
5935
295
-5664
-10506
-12924
-11767
-7754
-2477
1389
1689
-2611
-9974
-16243
-17759
-12451
-1642
10060
17718
19712
16788
12082
9188
8996
10490
11972
11585
8477
2982
-3850
-10487
-16326
-20530
-21076
-16532
-7931
3121
12547
16813
15172
9527
2928
-888
-871
3357
9662
15492
19657
20508
17814
11846
3196
-6330
-12818
-13113
-6659
4460
14531
18654
13956
2946
-8560
-14470
-12038
-2494
8271
14184
13250
7413
750
-2242
-121
5568
12090
16671
16906
13500
7188
-220
-7540
-13636
-16780
-15888
-10998
-2953
5534
11882
14610
13963
11634
9702
9240
10663
12119
12230
9814
5675
1458
-1436
-1625
-449
1021
1349
-97
-2021
-2979
-1221
2820
8188
12024
11885
7613
881
-6206
-11320
-13022
-11091
-6308
-306
6163
11358
13650
11658
6013
-1670
-8585
-11861
-11051
-6670
-1682
1281
258
-4671
-11109
-16477
-19007
-18285
-14969
-9906
-4665
758
5796
9958
13487
15207
14744
11624
6955
2148
-923
-691
2505
6736
10293
11276
8861
3024
-4343
-11412
-16078
-17136
-14985
-10410
-4572
1831
7303
10536
11409
9707
5788
219
-5439
-9572
-11537
-11232
-8356
-4527
-1026
388
-452
-3766
-7948
-11631
-13377
-12836
-11277
-9672
-9542
-10581
-11799
-12320
-11080
-9335
-8270
-9483
-12255
-15158
-15778
-12056
-4398
4783
12593
16187
14370
7401
-2130
-11409
-18042
-21187
-20177
-15623
-7986
397
7607
11926
11705
7407
1857
-2135
-2536
379
3221
3010
-1740
-9248
-14782
-14225
-6377
5123
15132
18337
13338
2980
-7694
-13433
-11747
-3974
5752
13122
14920
11377
4849
-1426
-6139
-9104
-10363
-10093
-9178
-6899
-3784
14
3603
6290
8443
10643
12439
14242
15385
15346
14709
13671
12477
11219
10116
9051
8884
9822
12115
14450
14988
11988
5715
-1910
-8591
-12279
-11430
-6658
-1228
1550
523
-3361
-8299
-11826
-13373
-12646
-11177
-10477
-10727
-11531
-12959
-15037
-16649
-17458
-16039
-11339
-4508
2959
8832
11442
9604
3662
-4140
-11404
-16085
-17627
-15626
-10347
-3443
3403
9667
14652
17821
18191
15909
11231
5702
1243
-1011
2
3438
7903
12229
15055
15512
12759
7406
210
-6985
-11917
-13543
-11462
-5377
3344
11604
16294
16372
12133
5544
-740
-5733
-8310
-9539
-10154
-11250
-12763
-14348
-15813
-16150
-15651
-13829
-10383
-6175
-814
4833
10523
14767
16770
15711
11674
4780
-3377
-9805
-12291
-9194
-2373
5854
12448
15666
15315
13758
13183
15000
18362
20136
17359
10095
658
-7830
-12385
-11785
-7685
-2490
1047
1189
-1606
-6372
-11421
-15496
-17224
-16955
-15208
-11976
-7317
-2708
591
1965
1206
-231
-975
-382
1042
1950
816
-2047
-6279
-9925
-11282
-10188
-7618
-4020
-572
2651
4622
4362
1249
-4255
-10238
-13848
-12471
-6271
2590
10134
12866
8893
-458
-10741
-17688
-18233
-13001
-4990
2422
6498
7495
7432
8827
11735
14560
15325
12673
5782
-2685
-9741
-12251
-9435
-2942
5066
12095
15895
16508
15316
13923
13884
15391
16852
16628
14695
12221
10294
9712
11164
13000
13742
12089
6923
-172
-7311
-12229
-13916
-12358
-10038
-9459
-10834
-12703
-13558
-11556
-6944
-218
6418
11344
12810
11157
6584
70
-6866
-13001
-16358
-15985
-11133
-3552
4849
11655
15320
15181
12733
9523
7154
5947
4481
1299
-3252
-8111
-11452
-12108
-9245
-4906
-823
1343
-207
-4223
-9022
-12364
-13121
-11356
-9305
-9004
-11046
-14043
-15342
-12439
-5343
3740
11968
16727
16212
11358
4620
-1504
-4257
-3964
-1512
1190
3653
5284
7099
9711
12940
15103
14971
11611
5032
-2791
-10335
-16034
-18278
-17214
-13947
-10254
-6805
-4147
-2131
-241
909
1614
1298
156
-2191
-4827
-7734
-10937
-13025
-14156
-13414
-10896
-6291
-789
5127
10304
14566
16779
15982
11688
4386
-4271
-11916
-16748
-17042
-14356
-10835
-8894
-10267
-14339
-17897
-17646
-13180
-5772
548
2557
-1407
-8690
-15421
-17835
-13487
-4530
5696
13171
15804
13808
10345
8740
9932
12305
13817
12530
7304
-370
-7766
-12455
-12440
-9017
-3695
1132
4517
6736
8281
10191
11980
13542
13533
11451
6708
691
-5645
-10846
-14365
-15943
-14912
-11239
-5479
1193
7265
11191
12804
12781
11729
10850
10138
10258
10597
10674
10182
8309
5089
523
-4750
-9898
-12793
-11584
-6951
234
7187
11762
12114
9166
4236
-636
-3915
-4422
-2683
328
4394
8766
12725
15473
16526
15382
12965
10037
7683
6167
4327
888
-3508
-8014
-11098
-11369
-9252
-5650
-2085
-111
-81
-1624
-5058
-9995
-15520
-19478
-20243
-16341
-8609
872
8770
12389
9887
2322
-6509
-12677
-13839
-10210
-4082
1707
5512
6937
7704
9338
12419
15382
17072
16299
12763
7885
2948
-415
-1927
-2088
-1216
320
1178
1212
564
-546
-1231
-932
-138
590
1574
3644
6638
10124
14247
17671
18805
16589
10346
1623
-6894
-12284
-13829
-12280
-9983
-9113
-11176
-14973
-17840
-16901
-11800
-3249
5669
11872
14602
14689
12955
10695
9005
8043
8459
10608
13264
14923
14530
10877
4945
-2874
-10267
-15548
-17073
-14235
-8066
-19
7996
14517
17489
15820
9549
663
-8667
-16205
-19580
-18318
-14215
-9553
-5870
-4147
-3066
-1465
931
3175
3673
1492
-3911
-10141
-15114
-16474
-13851
-8836
-3186
721
2402
1639
137
-319
606
3046
6546
10704
14183
16074
15354
