-400
-189
348
819
1123
69
-1626
-2668
-1372
1392
4302
4977
1433
-5796
-14384
-20627
-21703
-15438
-3556
10218
21261
27702
28697
25300
18853
11882
5089
-1325
-7543
-12932
-17065
-19537
-20785
-20098
-19329
-18844
-19673
-21095
-21880
-21776
-20392
-17486
-13066
-9203
-7335
-8498
-12401
-17190
-21176
-22581
-22315
-20730
-18536
-17123
-16631
-14904
-10544
-2898
5061
10540
10908
5377
-3581
-10741
-11309
-4045
7496
18269
22489
19044
8839
-2674
-10541
-11529
-6577
1630
9756
14687
15787
13091
7126
138
-7293
-13994
-19247
-21997
-20810
-16159
-8457
-228
6260
9412
8464
3135
-4791
-13350
-20564
-23625
-21634
-15594
-7176
1519
8524
14138
18115
21215
21788
18482
10607
-1340
-13664
-22042
-22426
-15022
-3713
6529
11033
6794
-4207
-16182
-22887
-21610
-12355
110
11293
17222
18612
17760
17123
19268
22264
24152
22486
17169
10547
5852
5470
10945
18511
23937
22496
13650
-1
-13652
-21934
-23674
-19007
-12107
-7295
-6064
-8048
-12921
-19231
-25770
-29879
-29226
-22420
-9157
7454
20498
23539
15801
-76
-15880
-23816
-20830
-9638
3417
11013
10611
1965
-10348
-22029
-28662
-30193
-26646
-19781
-10583
-586
6918
8924
5592
-2883
-12926
-21491
-25485
-24721
-21437
-17973
-16915
-18844
-21376
-22722
-20825
-17890
-15942
-16796
-21700
-27402
-29445
-23693
-9906
6960
20354
23553
15810
-51
-15700
-23091
-19471
-7326
8419
21320
28456
27564
20174
8263
-4858
-16805
-23376
-21354
-11853
2730
15961
21911
18495
6369
-8971
-21321
-27908
-26611
-19202
-7886
4217
14821
21056
20602
14636
4560
-4894
-9374
-7429
920
11755
20803
25698
24422
18080
8635
-2802
-13820
-21065
-22238
-15968
-4248
6933
11547
8331
-750
-9486
-11737
-5816
6434
18175
22753
18276
6526
-8268
-21508
-29306
-31427
-27807
-19689
-9646
212
7021
9119
5014
-3967
-14167
-21747
-23891
-19856
-12742
-5577
-1245
-1
1243
5341
12630
20060
24370
22970
14471
2517
-7741
-11749
-6415
4814
16815
23318
22568
15780
8204
4557
7786
15755
22798
23707
15713
1981
-12757
-23337
-26558
-24002
-19406
-17334
-18835
-21915
-23901
-21765
-15205
-5564
3649
8971
9703
6705
486
-7241
-15579
-22902
-25876
-22781
-12666
-18
9972
11626
4501
-8891
-20761
-24242
-16361
-281
15911
24338
20764
6960
-10316
-24008
-29325
-27582
-22001
-16730
-14624
-14624
-14257
-11143
-4127
3819
9723
10530
5860
-1310
-7744
-10523
-7194
-356
6834
10345
8819
2331
-5286
-10305
-11372
-9628
-7325
-6457
-9120
-13920
-18827
-21337
-20546
-17099
-12186
-7136
-3265
-1
3263
7133
12184
17097
20544
21005
18669
14206
9796
7054
7226
8572
9844
9440
6183
459
-5555
-9524
-10868
-9708
-7911
-7273
-8176
-9214
-9709
-8829
-5877
-1055
4251
8893
11439
12003
10606
8198
4458
-206
-4831
-8391
-10539
-11256
-10357
-7952
-4737
-1218
2878
7807
12745
17269
20090
20640
18440
14766
10754
7318
6313
7040
8586
9906
9249
6981
5199
6036
9345
13556
14998
11253
984
-11506
-21232
-23009
-15577
-1278
13663
22995
24079
18611
10902
5984
5980
10692
16958
21348
22275
19854
14753
7950
1245
-4980
-8740
-9273
-5744
953
7265
10214
7815
1548
-5699
-10106
-11165
-8779
-6280
-6583
-10216
-15468
-19849
-21320
-17693
-10124
-372
8988
16320
20817
21906
19547
14719
7760
-162
-7570
-14320
-19542
-22000
-21287
-17193
-12217
-8078
-7068
-8710
-11322
-12422
-9467
-2511
7531
16599
21044
19646
12559
2221
-8230
-17226
-23591
-25252
-21745
-12702
-1457
7832
10684
6805
-1803
-9583
-11467
-5294
7011
18697
23821
18555
4773
-11436
-23491
-28017
-26374
-21526
-17472
-15801
-15468
-14262
-10197
-2337
7266
15999
21479
21905
18751
13213
7074
2355
-1490
-4421
-6988
-9621
-12310
-12898
-9853
-3681
3350
8572
9520
5882
-1
-5884
-9521
-8574
-3352
3679
10086
13006
12103
9138
6560
4488
2236
-1274
-7027
-14119
-20242
-23066
-20643
-13116
-2272
9634
19671
26766
29828
27939
20794
10684
460
-6987
-9187
-6068
204
6437
8812
6651
-717
-10610
-19820
-27203
-30144
-28218
-20859
-10453
1060
9080
10595
4027
-7787
-18777
-22847
-17666
-4570
10914
23035
28179
26109
21028
17362
17145
19038
21270
22025
19323
14587
9690
6247
6307
8043
10004
10093
7863
5287
4149
6545
11965
19046
23457
21753
13323
1053
-11703
-20692
-24660
-22826
-16718
-7925
382
6829
9771
8764
3902
-2478
-7756
-9599
-5848
3216
13844
21706
25587
24594
21368
18508
16815
15466
13246
9391
2602
-5695
-14053
-21157
-24734
-25092
-22718
-18343
-14023
-8741
-2251
5947
15432
24313
28006
22908
10129
-5878
-18763
-23041
-16228
-2238
13010
22941
23474
14507
1087
-11330
-18739
-20495
-19105
-17013
-16833
-16811
-15377
-10626
-2818
5027
10197
9885
4727
-2238
-7946
-9750
-5375
3397
13553
20981
24338
22076
15884
7776
-962
-9384
-16192
-20055
-21732
-21272
-20124
-19163
-19858
-21766
-22890
-21079
-16026
-7582
1648
9253
14347
17302
18753
19172
20262
20955
21276
20775
18862
15032
10758
7243
4599
1513
-2349
-7627
-13625
-18753
-21497
-20697
-15900
-7498
1673
9279
13080
13697
11400
7680
3264
-750
-4419
-7540
-10127
-11800
-11551
-8799
-4098
764
5197
8227
9804
10266
9700
8699
7275
6421
6442
7206
9531
11813
12489
10350
4242
-4034
-10454
-11758
-6023
3989
12125
12867
3972
-10312
-22462
-25487
-15900
2187
19226
25579
18411
1726
-15714
-25171
-22145
-9844
4360
12740
10779
416
-13033
-23683
-27488
-25805
-21253
-17673
-15973
-14878
-13167
-9927
-3922
2427
7484
9809
7594
2221
-4403
-9554
-12722
-14828
-16530
-18511
-21657
-25236
-26114
-22110
-12312
748
13463
21732
24726
23541
20605
18452
18882
20810
22338
20843
16464
8738
-195
-9014
-15321
-19542
-20999
-20312
-17381
-12786
-8860
-7512
-9279
-12812
-17152
-21051
-22632
-21386
-19345
-18224
-19190
-21675
-23310
-22448
-17430
-11059
-6113
-5762
-10259
-17634
-23180
-22668
-15177
-4117
6038
10384
7473
-2026
-13313
-22181
-24648
-21659
-14760
-7192
-152
4723
7384
7422
6059
2426
-2496
-8338
-13332
-16680
-18583
-19383
-19826
-20827
-21422
-20652
-19435
-18589
-18598
-20083
-21684
-22375
-21681
-19732
-15368
-9144
-1153
7954
16512
21968
23369
20220
12666
1438
-10493
-20645
-26455
-28077
-25366
-19376
-11860
-4851
1592
6843
11347
14290
14126
10462
2791
-5343
-10886
-10733
-4598
3989
10700
10714
3873
-8017
-18693
-22188
-17228
-5089
9391
20845
26891
26609
20215
9253
-4222
-16888
-24165
-22985
-12131
4483
19127
24789
17627
533
-17090
-26291
-22019
-7088
8535
14925
8379
-6799
-21342
-25926
-17297
-315
16582
24352
19957
6526
-9950
-22871
-27604
-24883
-16808
-7287
1639
8202
10856
8924
2419
-7547
-16933
-21856
-21183
-15372
-8851
-5971
-7965
-14234
-20294
-21748
-17762
-9589
237
8714
14251
16282
14421
8862
1475
-6288
-10852
-9378
-2506
7291
16358
20601
19333
12089
1830
-8542
-16091
-18826
-16272
-8416
2000
12607
19755
20297
14540
3538
-9225
-19683
-26216
-26322
-20373
-9255
4375
16597
23485
22150
12116
-3226
-17122
-22704
-18221
-4774
11098
22371
26438
22585
14700
7019
2006
465
2598
8008
14786
21547
24676
21957
12208
-2437
-16016
-23339
-20947
-10058
3117
12093
13929
10265
5575
5068
9465
17038
22810
22118
14441
2500
-10403
-20782
-25632
-25064
-18962
-8499
3531
14507
21030
20439
13388
2041
-10378
-19871
-25095
-24135
-18163
-9068
1433
9594
13094
10444
1060
-11776
-21915
-23242
-14935
748
16085
23992
21059
9093
-4431
-12317
-10300
-214
12921
22883
27220
26297
22410
18461
15695
13279
11036
8311
5122
2090
-1826
-7028
-13566
-20095
-23701
-21595
-14639
-4147
5305
9610
8159
2935
-3680
-8297
-9989
-7531
-1434
6899
16771
24833
27749
22358
9984
-6372
-19512
-23751
-16181
-256
15921
24022
20464
6755
-10387
-23319
-29000
-27352
-22257
-17399
-16235
-17527
-19932
-21012
-20321
-18259
-14307
-8829
-1278
7990
16396
21269
22819
21015
18773
18218
20605
23540
24726
21967
13573
542
-12794
-21972
-25779
-24982
-21731
-18687
-16892
-15214
-12913
-8691
-2819
4995
13002
20364
24898
26892
25326
20616
12859
3265
-4976
-9772
-8756
-3712
3497
9601
13804
15575
16596
18646
21438
24535
25063
21318
12475
1053
-10855
-21055
-26641
-27617
-24551
-19376
-12676
-5310
1778
7489
11819
14470
13835
8939
1167
-7162
-14729
-20345
-22765
-23124
-21753
-20221
-18381
-17890
-18385
-19532
-21433
-22917
-23113
-21225
-16838
-11058
-6704
-6422
-10191
-16885
-22096
-21821
-15705
-6304
3237
9537
10483
5726
-1840
-9627
-14122
-15296
-12767
-7596
-474
7036
14067
19093
22202
21482
17026
9318
-923
-11077
-18667
-21135
-18946
-13979
-9055
-7421
-9166
-13774
-18463
-20380
-18580
-12115
-2685
7776
17605
24808
26726
21870
10551
-4595
-17493
-23081
-18848
-7727
4551
11877
10869
2441
-7283
-11823
-9446
-1449
7026
11545
8902
1801
-6128
-10532
-9459
-4315
2965
10116
14421
16423
17231
18534
20617
22518
23061
21599
17119
11651
7412
6954
9950
14841
19322
21279
19321
14841
9950
6953
7413
11650
17119
21270
22906
22806
21295
18900
17025
15575
13376
9349
3641
-1983
-6600
-9488
-9509
-7536
-5890
-6223
-10446
-16216
-21171
-22015
-18899
-12531
-7083
-5519
-9795
-17016
-22786
-23109
-15147
-1489
13082
22866
26223
23746
19480
17180
19039
22587
24767
22392
13944
953
-12422
-22015
-25958
-25525
-22335
-18311
-16057
-14474
-12837
-10141
-5067
1981
8022
11075
9341
5732
3277
5308
12246
20493
25594
22796
12354
-3226
-16960
-22969
-18286
-5523
10010
21884
27132
25267
17830
7116
-3431
-11826
-17310
-19355
-18740
-15372
-11294
-8472
-7587
-9955
-14445
-20174
-24847
-26448
-24774
-20032
-12636
-3828
4020
8910
9390
4953
-2089
-8895
-14514
-18308
-20001
-19448
-17750
-15757
-12836
-9054
-4029
748
5180
8441
11339
14266
17180
19816
22285
23541
23045
20602
15275
7086
-1794
-9805
-14605
-16786
-17415
-18222
-19446
-19746
-17245
-10167
440
12499
20975
21933
14657
2330
-11124
-21095
-25137
-23181
-16599
-7465
991
6370
8533
8055
4651
-700
-5918
-8475
-8189
-4026
2219
8563
14224
17666
19474
20406
19923
18528
17651
18382
21245
24958
26308
22940
13506
790
-9473
-11661
-5216
7161
18774
23861
18774
7160
-5216
-12225
-9739
1284
14665
24295
26297
22867
17958
15977
19130
24644
27712
24240
12036
-4231
-18377
-24344
-19336
-6930
6079
13097
9859
48
-9974
-12765
-6591
6592
19178
24465
19221
7316
-5179
-11608
-9061
246
12311
22423
27101
26651
22887
18205
14807
12579
11059
9094
7300
6734
7129
8617
9665
9567
8573
7562
5533
3084
-1067
-6829
-14531
-21024
-24070
-21105
-12839
-675
11762
20955
25408
25598
22957
19174
16823
16785
18429
20307
22466
23566
23055
20616
15130
6592
-2544
-10045
-14338
-15214
-15467
-17897
-22273
-26085
-26748
-21668
-11336
2476
14786
21086
20290
13792
3382
-7992
-18007
-24679
-26033
-20943
-11276
-717
7317
9138
4892
-4562
-14638
-21401
-21433
-14124
-2579
9334
18966
24058
24213
19795
11410
-110
-11753
-21178
-25667
-25081
-21619
-18458
-16117
-15372
-13916
-9838
-3499
3709
8754
9535
4864
-3063
-12380
-20991
-25772
-26943
-24343
-19294
-12490
-5771
962
7489
12635
14930
13650
8527
805
-7547
-14920
-19481
-21182
-20351
-16345
-9667
-966
6575
10862
9650
3953
-3580
-9317
-9720
-4211
5693
15659
21577
20846
13118
1751
-9758
-18072
-22333
-22411
-19293
-13656
-6256
1476
7725
12334
13985
12669
9174
3209
-2757
-7511
-10006
-8786
-5783
-3724
-5917
-11876
-20085
-25225
-23171
-12691
2970
17034
22814
18491
6195
-9143
-22150
-28814
-29096
-24766
-18866
-13242
-9562
-7995
-8172
-10666
-15288
-19615
-21554
-19727
-14274
-8578
-6181
-7069
-10623
-12797
-10031
-2401
7326
16118
21182
19980
12813
2146
-8642
-17699
-23772
-24962
-21020
-11454
1061
13317
22214
24958
22348
18215
16857
19429
24850
27783
23552
11710
-4460
-18121
-23111
-17460
-4520
10594
22270
26374
23639
15988
7002
-1113
-6016
-8057
-7420
-5120
-785
4101
7868
10739
11319
10388
8196
6263
5877
6673
7947
10004
11994
12199
9625
2993
-6552
-15938
-21926
-23534
-21355
-18472
-17603
-20194
-24086
-25923
-22815
-12936
1438
15111
22721
22991
17688
10662
6380
5932
7715
9644
9014
5206
-2266
-11282
-20132
-26513
-29830
-28197
-21368
-9525
4978
17016
22125
18918
9513
-1873
-10314
-13616
-11865
-8297
-6217
-7665
-12761
-18387
-21571
-21096
-18053
-13160
-8078
-2893
2475
6742
8675
9122
8208
7347
7744
9225
10650
10833
8166
3462
-3763
-11843
-19893
-25571
-28186
-26590
-20475
-11476
-1574
6024
8698
5868
-1286
-10798
-20206
-26843
-28951
-26420
-20157
-11041
-2026
5201
8924
8075
2681
-4253
-9880
-11993
-10522
-7774
-6682
-7223
-9569
-11020
-9501
-4891
698
5755
8972
8362
4567
-1614
-8834
-15006
-19313
-20844
-19059
-15113
-9481
-2071
6939
16033
22791
25078
21367
12640
2058
-6540
-9500
-5834
2723
12936
21147
24536
21863
15239
6817
-294
-4775
-6829
-6821
-5767
-2792
1602
7189
12541
15599
14813
9543
-15
-10373
-18529
-21563
-17909
-8741
2034
9877
13443
12453
9391
6720
6188
7714
9388
9569
6897
2186
-3570
-9241
-13329
-16506
-18411
-19683
-19451
-17355
-13540
-8516
-2727
2970
7071
8724
7071
2970
-2727
-8846
-13695
-17066
-18773
-18850
-18398
-17765
-15336
-10530
-2602
5727
11246
10909
4671
-4246
-11037
-11088
-3504
8424
19062
22611
17267
4133
-10958
-21886
-26186
-23881
-16815
-7891
794
7612
10776
8895
3472
-3786
-9206
-9815
-4366
5982
16337
22411
20860
11859
-257
-10717
-16949
-19082
-18740
-18222
-18121
-17451
-14901
-9020
-988
7521
14909
19700
21434
20637
16611
9948
987
-7811
-12690
-11248
-2114
10336
20787
24135
17456
3861
-8979
-13655
-6971
8039
21976
26428
16982
-1439
-19160
-26241
-19005
-1728
16304
25498
21918
9382
-4768
-12756
-10240
509
13824
23005
25333
21796
14607
7212
814
-4485
-7814
-9254
-8184
-5240
-3545
-5544
-12092
-20785
-26274
-23631
-12369
4484
18966
24490
17426
1776
-14842
-24215
-22614
-12066
1636
11529
15144
12767
8401
6406
7860
11516
16142
20495
22164
21342
16927
8714
-1532
-12246
-19628
-20758
-15297
-4314
8804
20672
28076
30183
26987
19404
10172
1974
-4223
-7147
-7495
-4775
372
7143
13693
17096
15966
9400
-1289
-12271
-20059
-21715
-15330
-2298
12059
21979
25340
21788
14358
6743
740
-2841
-5193
-7653
-10447
-13281
-16289
-19922
-22719
-24851
-24498
-21055
-13905
-4117
4767
9900
9321
4203
-3173
-9508
-13876
-16326
-17683
-18698
-20537
-23049
-23904
-21030
-14833
-7038
1235
8731
14089
17558
19269
19985
19986
19532
19324
19299
20649
21828
22330
20663
17622
12989
8986
7583
7985
9566
10255
8926
3830
-3459
-12066
-19794
-26081
-28522
-26747
-20354
-10630
1513
12882
21098
24411
23812
21126
18620
18149
19821
21682
21262
18850
14232
9805
7632
7347
7584
7935
7377
6240
4532
643
-6368
-15512
-23286
-26495
-22733
-11205
4978
18696
23818
17371
2681
-13550
-23645
-24957
-18513
-9929
-5358
-6441
-12327
-18771
-21604
-19062
-12320
-2574
8575
17871
24313
25566
20516
10562
-2503
-14205
-20442
-20216
-14049
-3718
7851
18487
24882
25921
21272
11539
221
-8478
-10963
-5104
7061
18886
23528
19284
7496
-5060
-11784
-10319
-2297
6647
10635
7810
-223
-10876
-20619
-27313
-29939
-27737
-20433
-10522
312
7996
9184
4290
-5105
-14818
-21210
-20951
-13918
-2689
9100
18966
24059
24213
19464
11255
179
-11075
-20579
-25764
-26134
-23146
-18756
-14953
-13075
-11810
-10370
-7521
-4260
-3061
-5620
-12423
-19905
-24497
-22419
-13886
-2519
7151
10396
6162
-4273
-15385
-21827
-21099
-13868
-2655
9252
18648
23590
23825
19921
12756
3463
-4743
-9582
-8788
-3021
4553
10165
12248
10266
7256
5868
7498
10989
12969
10177
2726
-6799
-15689
-21508
-21886
-18103
-12257
-7209
-4486
-4260
-6096
-8781
-11976
-14877
-17563
-19669
-21343
-21855
-21339
-19561
-17508
-15782
-13269
-9681
-3907
2475
7757
10278
9231
5938
3759
5404
12022
20034
25188
23346
13161
-2793
-17327
-23542
-19742
-8716
3657
11651
11145
4038
-5155
-11337
-11179
-4979
3684
11141
14695
15780
16077
17533
21292
24849
25920
22079
13472
2806
-6219
-9790
-7687
-1729
4986
9377
9133
4847
-1937
-8443
-13822
-15741
-14074
-8908
-720
9382
17871
22215
20402
14027
7481
4745
8541
16818
23906
24152
16168
2806
-8915
-12426
-5938
6797
18896
23753
17828
4304
-11412
-22815
-26681
-22826
-14697
-6602
-283
4277
6908
8449
8339
7015
5972
6293
9194
13696
15685
12079
1495
-13020
-23997
-24815
-14040
3495
19248
24569
17261
1258
-15269
-24116
-20896
-7325
9844
22908
28291
25761
17564
7116
-3165
-12320
-18470
-20710
-18730
-13281
-8007
-6396
-9222
-15782
-21555
-22047
-16864
-6798
3502
9772
10327
6015
-1162
-9028
-14219
-16350
-14293
-7895
691
9334
16173
19923
18821
12319
2411
-8311
-17808
-23567
-24480
-20031
-11257
-180
11073
19778
25386
26831
24784
20534
14872
10233
7437
7115
9526
12562
13647
9830
1752
-9335
-18619
-21628
-18070
-8741
1796
9562
11488
8269
842
-8113
-17210
-23575
-25321
-20692
-11042
1801
13815
21142
22622
18305
11889
7197
6020
8999
14484
20597
25217
26857
25143
19890
12411
3367
-4428
-8926
-8851
-4026
2880
9345
12890
13311
11037
7737
3300
-700
-4566
-7828
-10539
-11256
-10357
-8281
-4891
-929
3555
8406
12648
16215
18565
20011
19449
17352
13538
8184
2570
-2684
-6395
-8126
-7170
-4025
1200
8214
14702
19649
21555
20043
14808
7750
-326
-8103
-13720
-15681
-13721
-8103
-325
7751
14807
20043
21555
19650
14702
7885
1044
-3737
-6492
-7198
-6337
-4026
366
6488
14424
21403
24722
21792
13408
2903
-6125
-9895
-7633
-749
6479
10270
7508
-1211
-12361
-21505
-26968
-27592
-24524
-19333
-12894
-5201
2337
8827
13245
15466
16814
18509
21368
24594
25586
21940
13953
3012
-6329
-10588
-7952
-1235
6146
10636
9078
2840
-5027
-10578
-12326
-10013
-6924
-5498
-7871
-11401
-13343
-10371
-2659
7546
16770
21885
21136
16324
10418
6317
6936
11296
17238
21496
23405
22552
20538
18382
17594
16809
14612
9253
1382
-7087
-14868
-20288
-23167
-23363
-21986
-20213
-18655
-17247
-17231
-18625
-22152
-25165
-25777
-21765
-13330
-2314
6967
10826
7793
-544
-8577
-10824
-5918
3752
14453
22230
23892
19360
12242
6608
3917
3764
5768
8683
12043
15624
18645
20844
20967
19377
17858
18581
20833
24176
25304
22011
13561
2797
-6382
-10323
-7087
2132
13266
21901
25690
25392
22305
18505
15609
14316
12798
9522
4386
-946
-5671
-8971
-10037
-9725
-8690
-7963
-7856
-7682
-7860
-8401
-8900
-8530
-8067
-8270
-8333
-8036
-7741
-7610
-8136
-9279
-9984
-9578
-7487
-5205
-4377
-6188
-11641
-18818
-23715
-22657
-15046
-3754
6507
11482
8506
-206
-8879
-11676
-6441
4500
16129
22939
22919
17123
9998
5704
6909
11730
17705
21522
21696
18595
13337
7321
2144
-2189
-5474
-7417
-9291
-10013
-9959
-9222
-7690
-5879
-5251
-6925
-10438
-13304
-13652
-9280
-1248
8822
17270
21135
18751
10831
418
-9297
-15246
-16734
-13818
-7834
197
8328
15330
20313
21459
18595
13176
7585
2208
-1440
-4386
-7729
-10359
-11996
-11448
-7869
-2487
3861
10965
18913
25530
29877
29063
21884
8843
-6008
-17771
-22168
-16997
-4665
10214
22088
28009
27374
22942
18221
14680
13279
12052
9679
5120
24
-4933
-8378
-10573
-11955
-11588
-8618
-4400
1103
5909
8979
9390
8743
7786
7398
9254
13277
17877
21447
22587
21309
19309
17783
18241
18817
17111
11293
221
-12560
-22093
-23312
-16113
-3458
7877
11412
5780
-5490
-16860
-22752
-19325
-7120
8645
21970
29924
31556
27481
18905
8757
-2347
-12316
-20152
-24110
-24152
-21842
-19608
-17847
-18096
-19290
-20665
-21431
-20851
-20007
-19311
-19566
-19693
-19976
-20095
-20108
-20621
-20769
-19749
-18110
-16326
-13447
-9255
-3316
2475
7165
9852
9410
6481
4361
6156
11717
18306
22794
22418
15585
4114
-6449
-11267
-7621
2337
14170
22706
25533
23615
19875
17286
18284
21813
24348
22488
15386
5598
-3969
-9771
-11453
-10218
-8168
-7294
-9237
-12711
-16927
-20160
-21735
-20036
-15479
-8828
-107
9767
17810
21779
20456
15006
8974
5404
6806
10964
13963
11281
2842
-9590
-19968
-23603
-17807
-6059
5756
11997
8577
-1779
-14401
-23168
-26034
-23362
-19119
-17004
-18966
-22843
-25104
-21968
-13199
-1244
11150
20754
26122
27325
24942
20349
14784
9204
6091
7073
11829
17583
21718
21584
15968
5808
-4398
-10234
-10164
-4214
3769
10502
12680
11574
8707
6883
6392
7524
8835
9619
8439
7089
6349
7705
10547
14093
17572
20010
21350
21878
21517
20614
19020
17804
17591
18588
21473
24875
25929
21859
13218
2518
-6487
-10074
-7709
-495
6813
9610
6651
-717
-10610
-20618
-27579
-29445
-26577
-19408
-10688
-1491
5386
7942
5937
-537
-9715
-19593
-27481
-30934
-28739
-21143
-8366
5471
16750
21560
18918
9513
-1873
-10080
-13505
-12070
-8779
-6972
-7752
-11723
-16625
-20923
-22097
-20595
-15846
-8434
737
10551
17984
21168
18249
10057
-422
-9458
-15680
-18794
-19487
-19212
-18052
-16702
-13817
-8642
-1735
5743
13072
19938
24417
26687
25436
20850
12859
3266
-4976
-9771
-8756
-3712
3497
10400
14180
14876
14956
16867
21518
27374
29433
24241
10313
-6962
-20766
-24669
-16068
568
17037
24839
20662
7835
-6029
-13055
-9341
3301
17089
24062
21410
11529
-977
-11241
-15145
-14053
-10096
-6183
-4888
-5494
-7499
-9522
-11277
-13280
-15858
-18997
-22723
-24852
-24494
-21183
-13961
-4816
3956
9426
11441
10191
7986
6801
7986
10191
11442
9989
4221
-5310
-15120
-22207
-24328
-23049
-20114
-17521
-17395
-18054
-16861
-11000
-635
11775
21086
23179
16543
4765
-6429
-11197
-7264
2723
14365
22609
24315
19360
11819
6228
4004
4793
7114
9055
9896
10315
9895
9055
7114
4793
4004
6792
12084
18866
23156
22383
14907
3826
-6294
-11170
-7732
2542
14652
23131
25464
22867
18791
17236
19188
23301
25508
22778
13032
-386
-13586
-21859
-23892
-20481
-13928
-6641
-1636
1851
4297
7424
10721
14876
18415
20406
20983
21319
21155
20320
19543
18382
18113
19091
21485
23616
23922
21133
14451
5563
-3297
-9428
-12104
-10941
-8480
-7320
-7684
-8466
-9049
-8031
-6162
-2503
2118
6925
11978
16282
16694
11450
-31
-14074
-24094
-24216
-13362
3783
19093
24803
17526
764
-16428
-25140
-20730
-5523
12454
24618
26864
20783
11498
5117
3722
5782
8785
10238
7619
2550
-3692
-9601
-12602
-13238
-11252
-7678
-2382
4765
12495
20129
25295
27326
25369
19794
11018
747
-9868
-19046
-26226
-30010
-28665
-21907
-9655
4532
16539
22682
20978
14512
7559
4604
8508
17508
24962
24810
14657
-2587
-18452
-25049
-19695
-6733
6568
12827
8179
-3797
-16826
-23734
-21523
-11326
1456
11431
14964
13507
9492
5993
5455
6726
8732
9658
9128
7969
7106
7770
9133
9772
9478
8132
5265
1512
-3015
-8186
-12190
-13782
-12446
-8291
-1634
6542
14333
19656
22202
21482
17026
9553
-812
-11283
-19148
-21794
-18986
-13026
-7491
-6148
-9763
-16710
-22348
-22733
-15352
-1598
12946
22705
25084
21023
13515
6352
1487
-1804
-4264
-7369
-11085
-15263
-18608
-20108
-19667
-18053
-14589
-8743
-2296
4278
8522
9410
5810
-206
-6183
-9603
-8455
-3531
3378
9588
14059
15863
16864
18696
21350
23507
23717
21180
14733
6158
-2587
-9458
-12608
-12490
-10094
-7166
-4387
-1440
2208
7586
13176
18596
21458
20313
15330
8328
197
-8069
-13928
-16529
-14765
-8307
614
9588
16508
20062
18340
12114
2522
-8077
-17809
-23567
-24480
-20595
-11523
313
12233
21037
25331
24824
21693
18867
16588
15550
13624
8876
2138
-6025
-13759
-19844
-22712
-22538
-18144
-9304
1965
13552
21072
21663
14134
1753
-11647
-21695
-25195
-21838
-14395
-6237
-114
2730
4222
5762
9028
12308
13488
11075
3875
-4595
-10817
-11722
-5345
4278
11970
12537
3973
-10312
-22462
-24923
-15635
1692
18067
24789
18687
3324
-13586
-24354
-23723
-13664
341
12205
16890
15039
9735
5288
2923
1282
-1232
-5803
-13372
-20530
-24337
-21668
-12839
-675
11762
21285
25563
25309
22279
18808
17030
17634
19474
21309
21902
21030
19714
18583
18316
17172
14491
9691
2484
-4520
-9348
-10063
-6017
1596
8420
11120
7095
-700
-8362
-11210
-7921
459
8549
11924
7713
-1135
-9420
-11992
-6190
5248
17031
23443
22341
15864
8583
5405
7963
14233
20293
21980
17871
9382
-721
-8908
-14074
-15741
-13822
-8676
-2047
5053
9615
9473
4762
-2188
-8093
-9239
-5413
3241
13106
20611
24044
22440
16777
8125
-548
-7605
-10784
-8436
-1972
7086
15454
20031
19600
13661
3777
-7418
-18542
-25863
-27416
-21368
-9540
5136
17260
21773
18108
8040
-3103
-10129
-9788
-1728
10155
21641
29023
30576
26835
18915
8997
-2188
-12328
-20044
-23274
-21090
-15163
-8029
-709
4772
7829
8029
5688
2016
-2868
-8530
-13264
-15931
-17499
-19335
-20729
-22315
-22582
-20612
-16925
-12895
-9657
-8360
-9038
-11264
-14876
-19150
-23422
-26449
-26199
-21290
-12315
-2315
5952
9458
7794
1521
-5469
-10038
-9176
-3895
3500
10277
13488
12308
9027
5528
4112
2935
367
-5811
-14464
-22587
-26279
-22307
-11009
3735
16453
21851
18020
6755
-7943
-21383
-29644
-31138
-26948
-19311
-9958
-1277
5269
7935
7327
2970
-2983
-8291
-12003
-12614
-11062
-8194
-5324
-4235
-5068
-8184
-12488
-17559
-20875
-21004
-16377
-7853
1791
9175
13424
13730
11320
7762
3737
-570
-4710
-8266
-11376
-14318
-17035
-19297
-21764
-24292
-24723
-21079
-14194
-5056
3554
9482
11303
10265
8201
6880
8652
12735
17698
21074
22802
22009
20358
19372
18451
16315
12861
8367
1992
-5236
-12814
-19649
-25108
-27567
-26196
-20918
-11446
1053
13067
21414
24728
24281
21514
19059
17069
15755
13514
8876
2248
-6230
-14240
-20503
-22753
-21584
-16579
-8265
1259
10822
17668
19735
17293
11521
2899
-7049
-16923
-23930
-25964
-21933
-12023
-428
8586
11195
5102
-7063
-18889
-23529
-19285
-7498
5059
12111
10472
2006
-7327
-12034
-8090
1974
14040
22695
26068
24800
21257
17710
16549
15960
14404
9851
2170
-7004
-15504
-20809
-22987
-22819
-21384
-20261
-19335
-18275
-17985
-18337
-20073
-20605
-18111
-11153
897
14745
24299
24062
13435
-4040
-19429
-25177
-17157
-356
16797
25330
20659
4773
-13539
-24999
-26117
-19007
-9663
-4560
-6331
-12532
-19252
-22593
-19258
-11077
-331
9979
16957
20733
21119
19277
15082
8320
205
-8530
-15428
-19831
-21015
-19089
-14887
-9563
-2450
6655
16121
23819
26423
22303
10758
-3746
-16448
-22644
-19678
-9769
2369
11103
13998
11014
6660
5447
8717
15261
20972
22027
17269
8838
-900
-9515
-13968
-14835
-12291
-7790
-2437
2790
6598
7982
6841
3514
-1716
-7544
-14008
-18819
-21349
-21301
-17709
-12471
-7820
-5982
-8032
-12359
-14774
-11903
-1972
11809
22687
24859
15423
-1804
-18200
-25313
-19993
-6544
7290
12911
7954
-4997
-18140
-23556
-18793
-6043
9433
21739
27483
26609
19624
8029
-4418
-15646
-21922
-21113
-12825
493
13717
21902
21909
13552
1128
-10671
-18257
-20290
-19215
-18045
-17208
-16111
-13736
-9505
-3209
2764
7182
9192
7181
2765
-3208
-8707
-13361
-16811
-18849
-19825
-19136
-17450
-13886
-8545
-1410
6237
13639
20303
24319
25633
23910
19753
13648
6262
-1229
-8289
-12747
-14727
-13170
-8433
-1031
7086
14512
20029
21987
20783
15976
7964
-1022
-8781
-14897
-19432
-21024
-19856
-15609
-8457
-779
5307
8438
8319
3884
-3014
-11512
-20239
-26342
-28177
-25579
-18868
-10077
-955
8552
18253
26655
31316
30114
21792
8016
-7011
-18356
-21990
-15974
-3532
10896
21742
26122
22874
15140
6408
-466
-3990
-5640
-6627
-8241
-9314
-9744
-8796
-7493
-7121
-7493
-8796
-9743
-9314
-8241
-6861
-5751
-3786
16
6834
15071
22126
25038
21927
11911
-2249
-15296
-21892
-20532
-12451
-999
9327
16839
20313
20818
19325
17913
17525
18249
19645
22020
24800
25304
20994
12450
205
-12081
-21603
-25752
-24851
-21466
-18810
-17848
-18096
-19290
-20335
-21275
-21140
-20684
-20240
-19624
-18350
-17772
-18632
-21103
-24466
-25560
-22467
-13665
-2568
7042
11238
8265
-364
-8868
-11550
-7166
1233
8969
11264
6005
-5285
-16714
-22412
-20485
-12560
-1386
9265
17182
21631
22432
19980
15788
10982
7673
7857
10759
15575
19642
20157
17151
10047
1000
-8338
-15156
-17772
-15584
-8920
987
12065
19986
21837
15388
3019
-11157
-22094
-27339
-26085
-21681
-17238
-15536
-15962
-15422
-10658
-1905
8574
17450
21931
20534
15780
10238
6509
7416
11501
17128
21826
23670
22058
19379
17358
17760
18611
17222
10729
-155
-11861
-20451
-22426
-16613
-5516
5343
10581
7900
-742
-12048
-21531
-26948
-26942
-23567
-18806
-14712
-11527
-9536
-8467
-8311
-9323
-9915
-8687
-5549
-544
4765
8455
10853
10964
9916
8231
7051
5961
6036
7756
10338
12248
12124
8649
2255
-6239
-14489
-20176
-22451
-20639
-15598
-8911
-1146
6032
10260
10026
4788
-2841
-9240
-10607
-6193
2187
9520
10934
5299
-5950
-17010
-22192
-19945
-11632
-592
8918
15185
17336
15111
8688
618
-7120
-11299
-9800
-2202
9019
18753
22328
17285
4484
-10688
-22832
-28242
-26833
-21932
-16922
-14995
-15034
-14629
-11334
-4058
4567
10806
10909
5112
-3087
-9581
-10284
-4211
5693
15659
21247
20691
13407
2428
-9159
-18169
-23387
-23938
-19593
-12493
-3958
3582
8556
8952
4822
-1945
-8457
-13677
-15247
-13324
-7869
-612
7111
14282
19971
23244
23327
21641
19421
18114
18382
19543
20553
21265
21113
20502
19417
18218
16118
12964
8498
3227
-1440
-5405
-8407
-10037
-9724
-8689
-7399
-7590
-8176
-9020
-9660
-8844
-6523
-4976
-6135
-9828
-13763
-14891
-10222
-610
10806
19590
21557
15809
3827
-9972
-21472
-26522
-24875
-17649
-7521
3346
12353
18150
19345
16715
10262
1483
-7444
-15915
-21344
-23180
-21302
-15877
-9946
-5914
-6647
-11495
-18613
-23489
-21773
-13470
34
13332
21369
22034
15289
3943
-8230
-18948
-26323
-27640
-21837
-9325
5835
18309
23128
18207
5743
-6872
-12066
-7819
4355
17190
23570
20788
10336
-2114
-10684
-12425
-8305
-173
8923
16777
22440
24044
21175
13372
2747
-6572
-10499
-8037
-181
7854
11609
8119
-675
-9196
-12087
-6671
5043
17140
24006
22496
15575
7904
5040
8170
15082
21337
22418
17041
7340
-2902
-9916
-11055
-6961
602
8924
16002
21097
22673
20078
14005
6032
-2147
-8417
-12126
-12250
-10340
-7524
-5928
-6168
-7535
-9456
-10224
-9519
-8131
-7191
-6015
-3292
1175
7295
14640
20817
23587
21474
13282
722
-12320
-21561
-25704
-25236
-22066
-18496
-16255
-15297
-13701
-9854
-2877
6337
15206
21028
23527
23745
22175
19582
17181
14266
11339
7877
4915
1242
-2870
-7465
-12737
-18053
-21520
-21385
-18033
-12226
-7478
-6306
-10014
-15865
-20914
-21418
-16988
-8247
1608
9014
13241
13696
11638
8560
5485
2941
2971
6831
13702
20799
24608
22148
12580
-2027
-15646
-22913
-20906
-11012
1552
10820
14526
13201
9459
6294
5707
7509
9498
9473
6742
2475
-2892
-8312
-13270
-17848
-20615
-20911
-18345
-13715
-9230
-7021
-7479
-9339
-10694
-9940
-5493
1481
7774
10706
8039
988
-6653
-10731
-10418
-7741
-5351
-5736
-10588
-17944
-23328
-22861
-14630
-1235
12825
23143
26185
23591
19033
16342
18526
23361
26624
24156
14485
740
-10341
-12412
-4647
8394
20010
23435
16361
2345
-12806
-22426
-23493
-15596
-2959
9440
18986
24627
25163
20988
12219
1249
-7725
-11250
-7183
2501
11222
13150
5167
-9769
-22874
-25539
-15937
2031
18780
25210
18118
2090
-14821
-23927
-21310
-8848
7931
22970
30911
31425
26199
17988
9869
2312
-3510
-6724
-8065
-6008
-864
7004
15842
22405
24716
21519
12720
2023
-6883
-9726
-6108
3366
14091
21254
23441
20313
14217
7632
2935
1502
3345
8416
14318
20083
22779
20668
13066
1308
-11187
-20445
-25201
-23755
-17511
-8611
1894
12030
19215
21367
18503
12819
7599
5817
9495
17203
23506
23191
14919
288
-14399
-23722
-23980
-17559
-9382
-5231
-6936
-12581
-18934
-22071
-20809
-15831
-10254
-6757
-7317
-10599
-15595
-20174
-23697
-25805
-25044
-20384
-13035
-4561
3288
8918
11304
10266
8201
6881
8652
12734
17697
21308
22913
21804
19877
18381
18254
17558
15104
10004
1188
-9021
-17743
-22206
-20940
-15214
-8866
-5736
-7074
-10473
-12806
-10493
-3121
7991
17838
21752
18898
10781
383
-8555
-14508
-17049
-15268
-9584
-886
7612
12456
11057
2144
-11028
-21846
-24466
-15792
1241
17836
25910
20934
6338
-8606
-14267
-7790
6797
20748
25264
17363
1062
-15501
-24539
-20973
-7810
9269
23803
30263
29418
23699
17310
11672
6592
916
-6506
-14872
-21270
-23747
-20456
-12403
-1934
9331
19288
26464
30166
28652
22013
10490
-1472
-9863
-10775
-3686
8065
18880
23489
18706
6411
-6301
-12604
-8990
3061
16502
24853
23690
16118
7493
4189
7758
15625
22531
23829
16668
4863
-6380
-11362
-7947
1843
13602
22905
25895
24175
20242
17688
17817
20330
22533
22447
18203
12399
7481
6529
9468
14636
19432
20949
19056
15335
11109
7744
7136
10053
14991
20549
24529
26542
25118
20293
11426
354
-11071
-20917
-26572
-26868
-23466
-17965
-12939
-7992
-2182
5521
14950
24108
28115
23706
10394
-6372
-19922
-23502
-15797
-929
14460
23392
22103
11536
-1887
-11098
-13302
-8204
803
9552
16318
20807
22233
20689
16477
10488
6091
5889
10746
18900
24757
23595
13566
-2332
-17103
-23637
-20223
-8920
3768
11884
11145
4039
-5155
-11336
-11179
-4979
3684
10811
14540
16069
16755
17898
21085
24001
24876
21971
14458
4560
-4715
-10179
-10984
-8754
-6271
-6240
-10204
-16251
-21277
-22160
-17329
-7498
3101
10177
12594
11688
9139
7319
7021
7715
8555
8310
6839
3529
-1366
-7449
-14168
-20639
-23880
-22202
-14533
-3243
6835
11061
8035
179
-7856
-11610
-8120
673
9195
11522
6404
-4551
-15983
-22984
-22664
-17380
-10517
-6284
-6525
-10515
-16236
-21037
-23683
-24152
-22668
-19999
-16393
-12292
-8954
-7269
-7731
-10088
-11596
-10209
-4805
2535
8708
10674
7099
-850
-8353
-10749
-7202
-206
6829
9992
8155
2090
-4858
-9602
-9780
-5828
1033
8675
15596
20638
22449
20738
14752
5743
-3416
-10006
-12114
-10159
-7052
-5683
-7672
-11790
-14163
-11138
-2420
9588
19543
23223
17893
7086
-4412
-11062
-10462
-4026
4491
10352
12344
10580
7873
6455
8568
12964
17851
21285
21338
18792
13826
7050
465
-6034
-12326
-18387
-24222
-27931
-27681
-22490
-12057
517
9903
11433
4165
-7861
-18992
-22927
-18331
-7113
4658
11152
9223
-512
-12811
-22202
-25602
-23370
-16557
-6976
2277
10327
16156
18931
19747
17763
13982
9412
4731
1913
2291
7019
14416
21137
24305
21765
12277
-1689
-14933
-21927
-21210
-12740
-843
10456
17215
19615
19178
17875
18149
20076
21943
22533
20221
17345
15761
17783
22555
26907
27692
21772
10029
-4206
-16181
-21604
-18322
-6961
7869
21176
29546
32149
28527
20029
7971
-4280
-14601
-20847
-21686
-17245
-10964
-6535
-5351
-7742
-10418
-9932
-6278
289
6399
9021
7899
4238
-1319
-7425
-12939
-16843
-16467
-10193
903
13118
21694
22576
14319
-289
-14844
-22847
-21599
-12067
621
10490
15301
14544
10830
6593
4697
4923
6714
8841
10596
11993
11607
8730
2951
-5600
-14374
-20888
-24242
-24087
-21875
-18968
-16770
-14812
-12535
-8726
-4279
739
5188
7980
9838
10964
10931
9833
7160
3690
2447
5182
13025
21837
26961
23690
11621
-5523
-19897
-23977
-16414
-495
15518
24078
20326
6830
-10172
-23804
-28599
-24315
-14842
-4492
2556
7291
11297
17077
23965
28923
29104
22778
9435
-6008
-18363
-22498
-16773
-4206
10620
22666
27733
25953
20990
17543
16843
19377
21982
22447
18753
13352
8454
6343
8565
13147
18272
21223
21676
20824
19568
19606
20117
21419
21720
19591
15471
10047
2681
-6176
-16483
-25014
-28223
-23571
-10438
7324
21486
25337
15463
-2503
-19506
-25879
-18291
-1
18288
26111
19614
2295
-15946
-25530
-21308
-6782
11038
23755
27652
23779
15245
6600
-269
-5233
-7883
-8595
-7593
-5240
-4137
-6205
-12024
-20035
-25191
-23348
-13162
2790
17325
24104
20005
8219
-4818
-12443
-10871
-2443
7281
11821
9443
1446
-7028
-10984
-8638
-2298
4966
9505
9623
6115
-358
-8078
-15695
-21693
-23977
-21603
-13855
-2954
6679
10497
7925
384
-7374
-10386
-7814
-775
6470
10022
7542
-512
-11130
-20604
-27194
-30118
-28038
-21165
-9580
4278
16205
21979
21193
15212
8608
5959
8608
15212
21194
21745
16095
4483
-9099
-20740
-28107
-30867
-28278
-20653
-10227
976
8702
10312
4115
-6758
-17432
-22475
-19813
-9878
2164
10681
14060
12018
8332
6598
8231
11927
16512
19888
21720
21292
17484
10116
-863
-13308
-22161
-23685
-16007
-2554
9408
13426
5921
-8741
-22194
-25727
-16650
1692
19082
25828
18530
1547
-16016
-25339
-20937
-6372
11409
24511
27849
22536
13002
4962
535
-1449
-2955
-6368
-11915
-17306
-20789
-21117
-16648
-9275
-165
8389
15533
20733
22544
20867
14916
6517
-2406
-9772
-13781
-15263
-15912
-17471
-21417
-26579
-28499
-23353
-11101
5028
18479
23973
18491
6338
-6162
-11767
-8168
2518
14899
22892
24072
18620
11151
5658
5679
9748
15978
21761
24569
24849
22644
18649
13947
8140
1157
-6555
-15294
-22078
-24931
-21877
-13596
-2445
6939
10787
7236
-495
-8132
-11016
-6664
4040
15722
23255
23616
17762
10114
4758
5009
8488
11909
11892
6003
-2997
-10541
-11715
-6128
3084
10595
11086
3942
-7267
-17609
-22138
-18130
-6577
8232
21918
29887
31400
27033
18302
8353
-1778
-10942
-18251
-23234
-24110
-19836
-9853
3256
15150
22185
21909
12933
-700
-14200
-22000
-21687
-13095
-724
10916
17824
19155
17939
17729
19162
21360
22622
21035
17294
13304
10026
8549
8967
10513
13790
18300
23949
28634
28997
23029
9723
-6222
-19265
-24201
-18327
-4536
8770
13475
6739
-7498
-20967
-25128
-17297
-315
16582
25150
20333
5827
-11590
-24322
-27370
-22332
-13114
-4634
-271
953
1793
5012
11924
19395
24075
22392
14636
4145
-5306
-9847
-8271
-2732
4160
9285
10184
6286
-811
-8773
-16079
-20844
-22341
-19707
-14378
-6444
1774
7989
12082
13202
11904
9358
5594
2736
2489
6406
13771
21547
25691
22995
12051
-4214
-18447
-23526
-17786
-3466
12544
23512
25388
19819
11377
5009
4692
10053
17435
22720
23997
22552
19946
17957
17773
17352
15214
9675
923
-8527
-16584
-20852
-20950
-17305
-12154
-7811
-5439
-4645
-5696
-8385
-10993
-11865
-10920
-8476
-3997
1686
6649
8634
7821
3464
-2583
-8296
-13439
-17585
-20113
-21164
-19856
-17782
-16569
-17537
-21775
-27147
-29111
-23320
-10277
6550
19982
23926
16145
204
-15775
-23736
-20054
-7300
9191
23269
30012
28634
22934
16932
13792
12579
12074
10697
7409
4464
3540
5809
12242
19360
23892
22231
14453
3751
-5918
-10590
-8466
-750
7312
10635
7145
-1771
-12728
-22141
-26612
-25905
-22228
-18302
-15515
-13246
-11356
-9674
-7137
-5110
-4697
-7282
-11790
-16620
-20072
-20337
-17974
-14588
-11043
-8406
-7730
-10055
-14401
-19561
-24445
-27582
-26881
-21273
-10583
2476
14433
21540
22688
18026
11374
6003
4987
7180
10049
10093
7008
698
-5745
-10006
-10552
-9239
-7524
-7400
-9521
-12786
-16719
-20424
-22754
-23114
-21921
-19261
-16706
-14045
-11530
-8923
-6666
-5494
-5721
-7676
-10265
-12504
-12460
-8790
-1776
6442
14377
20269
22604
20349
14918
7512
865
-4281
-7095
-7715
-5923
-2504
2280
7788
12445
14545
13287
8116
620
-7088
-14104
-19716
-22108
-20605
-15677
-8595
-563
6006
9487
8546
3452
-4322
-12963
-20457
-24860
-25411
-23085
-18962
-15180
-12991
-11432
-9288
-7233
-5989
-6047
-7208
-9931
-12250
-12535
-9201
-2248
6262
14667
20431
23588
23361
21561
20067
18851
18068
18093
18803
20182
20398
17627
10725
-830
-13999
-23218
-24015
-14341
2550
18268
24885
19510
6337
-7181
-12679
-7956
4995
18138
24117
19056
5546
-10594
-23329
-27584
-24315
-15857
-5764
2602
9273
14207
17923
20845
21377
18111
9852
-1536
-12421
-19799
-20789
-15827
-7498
1600
8572
11006
8063
952
-8443
-17475
-23081
-24162
-20466
-11583
698
12847
21116
23924
20528
13780
6586
1332
-1515
-3586
-6441
-11028
-16605
-20811
-21900
-18826
-13919
-9120
-6457
-7324
-9628
-11372
-9741
-5021
1836
7659
9884
7265
953
-5743
-9507
-8850
-4775
1726
9174
15060
18406
19550
19519
17942
15021
11512
7835
5744
5807
7351
9534
11286
12495
14428
17687
22865
27886
28928
22656
9830
-5317
-17735
-22752
-18451
-7293
4595
10726
8873
212
-11498
-21860
-27653
-27608
-23863
-19149
-14436
-10105
-7582
-7321
-10254
-15831
-20809
-22636
-19199
-12087
-5777
-4441
-9658
-19157
-26108
-24443
-12775
4024
18742
24585
17908
1981
-14953
-24215
-22504
-12271
1154
11901
15588
12817
7844
5004
7191
12579
18675
22624
22498
20281
17964
17645
20499
23921
25379
22422
14034
2978
-6673
-10485
-8071
-879
6622
10144
8079
2345
-4524
-9465
-10261
-6034
1143
9240
15751
20348
21771
19575
14583
7291
-731
-8118
-13179
-14753
-12928
-7982
-2103
3045
6523
7900
6524
3044
-2102
-7418
-12662
-15246
-14339
-8908
-455
8888
16712
20391
20193
16528
11732
8470
7145
8794
12987
19368
25552
29178
28174
21063
9055
-5160
-16731
-21274
-17616
-6297
8165
21285
29159
30931
27055
18978
9690
1768
-4113
-7147
-7605
-4569
853
7802
13735
16143
14401
8926
-316
-10034
-17816
-21141
-18478
-9975
799
9739
15590
17763
18140
18508
20042
22298
23242
21358
15646
7496
-1422
-9613
-14674
-17534
-18499
-18506
-18652
-18053
-15604
-10345
-2405
6550
12110
10621
2483
-8601
-18221
-22169
-18220
-8602
2483
10621
12110
6550
-2405
-10345
-15604
-18053
-18652
-18272
-18389
-17739
-15156
-10039
-1354
8244
16730
21406
22338
20810
18882
18218
20494
23746
25208
21594
13128
493
-12236
-21135
-25376
-25550
-23106
-20026
-17503
-15749
-16078
-19002
-23538
-26858
-26826
-21257
-10710
3175
15425
21326
20133
12015
952
-9306
-15376
-17099
-14287
-7804
-305
5521
8576
8322
3847
-4452
-13652
-20618
-23771
-21584
-15560
-7682
891
8634
15106
19439
22368
23252
22440
20710
17446
13772
10180
6852
5081
3044
-261
-6319
-14429
-22538
-26426
-22924
-11577
4567
18325
23627
17440
3430
-12466
-23831
-25972
-19797
-10607
-4658
-3890
-7586
-11396
-11152
-5818
1727
8116
10382
6057
-2519
-12792
-21043
-25809
-27099
-24790
-19333
-12628
-5695
1177
7473
13256
17557
20102
20913
19889
18478
17798
18435
21548
24620
25595
21954
13810
2517
-7078
-10733
-7640
254
7897
10787
6278
-3194
-14088
-21595
-24252
-21050
-14540
-7407
-1187
4072
7441
9061
8251
5987
4627
6719
11718
18306
22794
22183
15475
4320
-5968
-11075
-7800
1794
13568
22848
26258
24561
20433
17388
16499
17064
15966
10304
689
-9770
-17997
-21514
-18261
-10084
241
9763
14804
15574
12361
7028
508
-5599
-11930
-18152
-24509
-28571
-28206
-21764
-9992
3495
15201
21519
21470
16808
10736
6445
6875
11681
17853
22139
22264
17762
11466
6204
3034
559
-2307
-7201
-13254
-18343
-21126
-19942
-15703
-8741
-570
7311
13730
17770
17007
10507
-1156
-13869
-22598
-22517
-13477
1053
15098
22779
21019
10787
-1957
-11236
-13086
-7505
1852
11141
16527
18306
17984
17997
18359
17606
14887
9691
2087
-4954
-9392
-9710
-4398
4525
14275
21245
24427
24101
21632
18508
16549
15960
14405
9852
2170
-7004
-15504
-21608
-23363
-22120
-19743
-18246
-19305
-21320
-22838
-21452
-17732
-12046
-7598
-6319
-9759
-15577
-20646
-21368
-17076
-9275
263
9206
15655
18511
19228
18761
19239
19821
20594
21356
20859
19327
18080
18300
19659
19820
17105
10221
-843
-12740
-21210
-22491
-15198
-1194
13437
22556
24029
19540
12287
6766
4134
5238
7590
9391
8257
4532
-1374
-8052
-15013
-21230
-23960
-21668
-13215
24
13403
22405
25173
23047
19263
17083
18998
23541
26333
23430
13236
-1778
-15825
-23145
-22424
-16456
-9428
-5446
-7706
-13725
-20036
-22021
-18716
-9974
638
10004
15655
18511
19228
19325
19504
19327
19435
20097
20914
21335
21170
19872
17897
14586
11115
7836
6141
6241
7395
8617
9400
10061
9733
8586
5366
1282
-3677
-8539
-13105
-16046
-18005
-19434
-19883
-18487
-14814
-8265
-506
7725
14799
20029
21699
20144
15452
8360
887
-5514
-8922
-8746
-3816
3760
12594
20053
25326
26891
24899
20364
13002
4994
-2820
-9254
-13179
-14720
-15732
-18461
-22273
-26085
-26748
-22233
-11601
2970
15945
22110
20124
11990
772
-9468
-16470
-19906
-20449
-19700
-18250
-17782
-18176
-19800
-21815
-24128
-24438
-20697
-13867
-4527
3986
8829
9244
5266
-1231
-8039
-13471
-16639
-15563
-9719
590
11630
19943
22190
17008
5948
-5302
-11500
-9787
-1695
7350
11396
8962
1241
-6918
-10749
-8638
-2297
4967
9271
9512
6320
124
-7653
-15764
-22442
-25061
-21652
-12952
-1465
7840
10222
5305
-5105
-15832
-22015
-20684
-12346
-741
9660
16249
17516
14228
8101
-187
-9589
-17340
-21039
-20227
-15551
-9988
-6144
-6230
-9708
-12549
-11452
-4119
7496
18342
23994
21493
13773
6133
4366
9555
18100
24585
24016
13882
-2429
-17449
-23902
-19016
-5449
10816
23656
28215
26157
20880
17075
16733
19582
22464
22074
18309
13303
9012
7181
8968
12579
16898
20448
21331
19795
15243
8037
-545
-8426
-15016
-19893
-21633
-19397
-14370
-7749
-1527
3530
6601
7994
6601
3530
-1528
-8078
-14525
-19108
-20954
-19527
-15224
-9276
-1590
7599
16074
21837
23512
20329
13347
4789
-3137
-8466
-9414
-6263
226
7891
15892
21303
23155
20504
13936
5284
-3231
-9030
-11487
-10267
-8021
-7007
-8824
-13255
-18121
-21571
-21362
-17559
-12001
-6819
-2948
467
3650
7007
10839
13526
13535
9974
2057
-8347
-17536
-22359
-20864
-15468
-9201
-5875
-6593
-10267
-12916
-11290
-3386
8484
18997
23341
18998
8485
-3386
-11620
-13071
-9979
-5914
-5276
-9297
-16522
-22389
-22423
-16262
-6255
3681
9346
9736
6015
-570
-8368
-14288
-17098
-15377
-9072
1063
11810
19651
21135
15604
3719
-10108
-21303
-27506
-27887
-24292
-18714
-14000
-11189
-9837
-9649
-8989
-8285
-7561
-7379
-6618
-3835
996
8050
15387
20528
22318
19982
13337
2729
-9229
-20223
-27575
-30264
-27575
-20222
-9230
2730
13338
20780
22694
19829
13745
6834
1340
-1490
-3406
-5715
-9668
-14293
-15809
-11030
-716
11185
20243
22577
16536
5768
-5011
-10445
-8383
535
12156
22092
27101
26652
22887
17970
14696
12784
11540
9754
7341
5781
5564
7578
10373
12297
11976
8128
1733
-5491
-12813
-19467
-23424
-22876
-17842
-8687
2378
13010
19878
20817
14772
3735
-9328
-21177
-28092
-28925
-24982
-18681
-11407
-5021
1031
6733
11999
15014
14438
9924
973
-9095
-17605
-22167
-20493
-15058
-8829
-5119
-6396
-11510
-15159
-12928
-2581
12270
23926
25238
14519
-3292
-19360
-25039
-17373
-1055
15748
24773
20935
6369
-11411
-24513
-27850
-22538
-13004
-4730
-427
1241
2471
5610
11827
18341
22548
21528
15535
6936
-2042
-9353
-12460
-12505
-10265
-7910
-5831
-5289
-6185
-8497
-11598
-14793
-17789
-20438
-21549
-20638
-19276
-18979
-19826
-21592
-22522
-20817
-17151
-12811
-9279
-8076
-9126
-12293
-16221
-19851
-21430
-20850
-16772
-9232
1287
11504
18958
20749
17236
8773
-1101
-8758
-13128
-14053
-12113
-8762
-4808
-2654
-3128
-7397
-13815
-20595
-24128
-21724
-12651
1277
14560
21734
21277
13487
1925
-9047
-17480
-22298
-23139
-20311
-15240
-10030
-6702
-6682
-11023
-18259
-23605
-23159
-14509
493
15401
23617
23436
16454
8412
5204
8237
14801
20823
21788
16273
5026
-8497
-20318
-28566
-32306
-29995
-21217
-8010
7035
18535
21916
16955
6543
-4256
-9753
-8403
-34
11205
20803
26247
25375
19055
9015
-3440
-15801
-23383
-22755
-13071
2839
17520
24460
19844
6592
-7257
-13325
-8538
5020
18911
24705
19971
7810
-5035
-11622
-9070
221
12131
22165
25963
23928
16922
7377
-2746
-11812
-17973
-19773
-17309
-10264
-894
8335
15954
20389
21614
19931
16426
12964
9993
8608
7973
8283
8574
7617
6084
2755
-1786
-7023
-12571
-16284
-16105
-9994
335
12624
21368
21916
14123
953
-12601
-21539
-22558
-15562
-3629
8862
19527
25556
25957
20312
10067
-2758
-14368
-20910
-21964
-17559
-11399
-6682
-6326
-10729
-16881
-21433
-22750
-20035
-14464
-6992
112
7291
13740
19014
23321
25138
24413
20867
15712
10242
6839
7246
11251
16324
20303
20955
16867
8600
-1133
-9741
-14352
-13987
-10655
-6693
-3336
-1
3333
6926
10763
13780
13868
9314
1200
-7853
-15785
-20908
-21209
-17814
-12412
-7773
-4596
-4055
-5615
-8685
-12200
-15337
-17969
-19449
-20691
-21132
-21027
-20663
-19592
-19040
-18829
-19526
-19703
-18868
-15542
-8620
400
9513
16645
20101
18787
12269
2559
-8355
-17552
-23821
-24996
-20609
-10871
1036
12544
21063
23778
20578
13815
6408
859
-1694
-3296
-5715
-9778
-14087
-15327
-10839
-895
10642
19640
22059
16950
7291
-3098
-10038
-10783
-5540
2559
10274
14159
13600
10291
6748
3368
49
-3482
-6980
-11068
-13444
-13158
-8894
-1772
6617
14547
20534
23244
23327
21641
19187
18003
18587
20024
21309
21351
20076
18740
17971
18843
19360
17291
10537
-526
-12271
-20823
-22851
-16654
-4562
6909
11620
7192
-3473
-15451
-22895
-23524
-17668
-10179
-5844
-6585
-11239
-17139
-21723
-22061
-19156
-13706
-6927
-1302
2970
5646
7135
7237
4772
-117
-7039
-15077
-22127
-25036
-21257
-11592
848
12842
21093
23416
20000
13530
6785
3066
3255
6101
10180
13194
14767
16001
18012
20413
20848
17785
9704
-1711
-12790
-20230
-21509
-14993
-2587
11199
21505
25607
23360
16306
7301
-1977
-9384
-15177
-19016
-21888
-23048
-22553
-20712
-17337
-13979
-10663
-7280
-5014
-2297
1342
7164
13899
20349
23624
21980
14540
3266
-6657
-11135
-7053
2831
14497
23131
25619
22578
18114
16307
19130
24644
27711
23443
11660
-3532
-16737
-22564
-19415
-9769
1708
10174
12022
8063
-63
-9152
-17163
-21593
-22410
-19846
-14162
-5745
2822
9013
12027
11194
8812
6893
6935
8752
10316
9522
6104
493
-5211
-8829
-10374
-10761
-10028
-9031
-7318
-5469
-4879
-6733
-10506
-14053
-14735
-10127
-720
11010
20071
22311
15896
2790
-11734
-22449
-25677
-22044
-14284
-6003
-114
2730
4222
6561
9404
11609
11847
9625
4111
-2043
-7124
-9069
-7255
-2972
2907
9187
13744
16135
17387
18534
20462
22807
23739
21635
16756
11091
7046
6551
10417
16324
21136
21884
16770
7545
-2659
-10371
-13342
-11401
-7871
-6296
-7299
-9314
-10685
-9128
-5263
288
5384
8781
8431
5315
-530
-7891
-15490
-21584
-23842
-21208
-12606
-436
12164
21792
25967
24741
20905
17236
16309
17303
16791
11190
1004
-11367
-20717
-23225
-16723
-5310
5825
11571
8096
-1985
-14291
-23498
-26299
-22869
-17960
-15979
-19131
-24646
-27714
-23445
-11662
3530
16735
22891
19569
9479
-2388
-11010
-12037
-6806
2068
10205
16083
18257
18540
18600
18653
17243
13994
8448
1253
-5950
-12963
-19472
-24308
-26894
-25919
-21044
-12682
-2724
5576
9956
8184
2476
-4734
-9741
-11658
-10268
-7850
-7094
-7696
-9749
-10728
-9339
-3908
3711
12398
19931
25598
28314
26855
20915
10784
-1804
-13562
-21933
-24426
-22555
-19121
-17100
-19009
-23568
-26515
-23593
-14333
-1031
9661
12376
5008
-7836
-19645
-23928
-17251
-3047
12827
23442
25779
20034
11430
5543
4203
5987
8674
9770
7508
2755
-3211
-8941
-12561
-14192
-12817
-8717
-1675
7496
15898
21259
21761
18258
12464
6930
2668
-1
-2670
-6602
-12310
-18548
-22441
-21860
-15802
-6444
3199
9812
12027
11194
8812
7222
7090
8464
9639
8923
6200
1547
-3686
-8529
-11539
-13058
-12134
-8265
-3186
2296
6454
8561
7115
3045
-2694
-8641
-12859
-14003
-12096
-8069
-1635
5802
13424
20178
24546
25549
23532
18906
13470
7785
1276
-6892
-15061
-21839
-24529
-21134
-13083
-3219
5082
8459
6429
211
-9054
-19359
-28031
-31887
-29712
-20957
-7462
6960
17910
21850
16563
3530
-11491
-22403
-26055
-22127
-14058
-6127
-330
2295
3997
6803
11083
15261
18605
20107
19665
18051
14587
9304
2560
-4774
-9683
-9638
-5271
1308
7151
9062
6885
1801
-4111
-8613
-9849
-6576
-51
7829
16124
22825
25250
21915
11897
-2297
-15569
-22594
-22279
-15962
-8679
-5205
-7973
-15297
-21983
-22581
-16000
-3431
10623
21367
27096
28279
25492
20020
14078
8539
5796
7527
12480
18306
22031
20482
13884
2550
-9959
-20643
-26224
-25064
-18370
-8169
3307
14046
20625
20660
14039
2764
-10066
-21207
-27290
-27188
-23243
-18158
-14275
-12786
-11966
-10465
-7411
-4466
-3542
-5811
-12244
-19361
-23894
-22232
-14455
-3753
5916
10259
8309
1036
-6636
-9803
-7134
510
10719
20616
27466
29648
27057
