-217 -217
-102 -102
189 189
444 444
609 609
38 38
-882 -882
-1447 -1447
-744 -744
755 755
2333 2333
2698 2698
866 560
-3100 -3244
-7877 -7609
-11367 -10738
-12019 -11157
-8386 -8332
-1564 -2810
6137 4092
11924 10567
14749 15673
14515 18083
12417 16863
9700 11482
7750 3276
6301 -5816
4393 -13098
857 -16076
-3913 -14530
-9148 -9527
-13503 -3572
-16213 672
-16097 1666
-14354 -1122
-11930 -6083
-10404 -11303
-9859 -15250
-9952 -16472
-10508 -14930
-11244 -10597
-11431 -4779
-10819 1909
-10241 7652
-10329 11319
-11325 11574
-12958 8299
-14624 3472
-15972 -641
-16028 -3097
-15704 -3377
-15090 -1927
-14490 673
-14524 3351
-15057 5529
-14643 7713
-12188 9861
-7514 12750
-2413 15202
1212 16624
1708 16119
-1707 14110
-7636 11812
-12457 10161
-12989 10374
-7961 11684
268 13204
8445 13428
12626 11157
12078 6093
7193 -1025
1548 -8727
-1615 -15663
-660 -19784
3235 -19994
8155 -16649
11743 -10244
12505 -2945
10207 4636
5565 10841
-629 14742
-6372 15666
-11280 13758
-14320 8687
-15262 1223
-13652 -7775
-9624 -15321
-4548 -18978
486 -16870
3499 -8897
4030 1859
2335 11810
-727 17465
-4377 16416
-7696 9749
-10993 1846
-14550 -2943
-17342 -1885
-18396 4335
-16595 11162
-11282 13919
-3518 11270
4499 4890
11275 -1067
15100 -2927
15739 1292
13092 8756
7728 15601
661 18082
-6630 13558
-12273 4353
-14411 -6010
-11741 -13172
-5100 -15493
2809 -13633
9337 -10418
12112 -8773
9372 -10011
1986 -12563
-6546 -14149
-12529 -12123
-13869 -6519
-10113 1562
-3954 9785
2066 15960
5472 18710
6590 18570
7117 15705
8655 10799
12407 5702
16549 1243
18933 -1011
17277 -88
11763 3396
4793 7982
-639 12413
-2002 15002
2035 15384
8957 12662
15276 7436
17006 585
13240 -6702
4986 -12039
-4624 -14102
-11917 -11828
-15815 -5646
-15746 2809
-13392 9883
-10754 12416
-8461 9164
-6828 1563
-7045 -6918
-9676 -12234
-14278 -13225
-18960 -9528
-20811 -3857
-17556 880
-8503 3576
4108 3879
14720 2412
18043 18
13086 -2344
1664 -4163
-10525 -3994
-18000 -632
-17963 4818
-12053 11279
-3940 15872
1797 16088
3233 11875
-121 3958
-5971 -4725
-12091 -11589
-16076 -14255
-18012 -12419
-17538 -6995
-15218 124
-11266 7622
-6099 13665
-1609 16726
412 15565
-121 10681
-3509 3160
-7869 -4919
-11689 -11563
-13347 -14961
-12933 -14545
-11405 -12149
-9726 -9787
-9358 -8715
-10502 -9524
-11842 -10979
-12409 -12103
-11080 -11799
-9335 -10581
-8270 -9542
-8871 -9672
-11967 -11277
-15694 -12836
-17036 -13377
-13385 -11542
-4320 -7906
6929 -3844
15869 -637
17876 441
12495 -898
1797 -4430
-8563 -8386
-13075 -11174
-10118 -11616
-1548 -9829
8842 -5770
16392 -111
19244 6227
16361 11547
9292 14948
-199 15817
-9327 13561
-16456 8645
-19216 3131
-15967 -981
-8046 -2522
2797 -1709
12208 65
16451 845
13901 682
5131 -586
-6285 -1424
-16149 -478
-22213 1956
-22611 5300
-18265 8508
-10405 10480
-1345 11021
7128 10207
13223 7049
15371 1030
13930 -6538
9162 -13692
3587 -17750
-420 -16379
-1482 -10216
1200 -1228
6039 7161
11213 11438
15249 10772
16471 5477
14929 -2529
11118 -10813
5023 -17282
-2368 -19851
-8727 -17925
-12179 -11768
-11379 -2081
-6709 8360
-1240 15871
1755 17186
1657 11453
-681 258
-2648 -11195
-1519 -18105
2795 -17560
9309 -10599
14780 -2053
16187 3045
13085 2253
6529 -3671
-2027 -10405
-10679 -14031
-17575 -11825
-21663 -5884
-21428 251
-16384 3111
-7495 251
2608 -5884
10294 -11825
12640 -13599
8086 -10201
-1350 -4050
-11418 1363
-17573 2169
-17512 -1968
-11456 -9137
-3421 -15373
2669 -16809
4172 -12401
1528 -3691
-1834 6754
-2587 16176
776 21551
6260 22056
11238 17999
13229 10578
10408 1639
4905 -7212
-342 -13538
-2556 -15614
377 -12819
6151 -5966
11680 2911
13292 11073
10200 17165
4049 19466
-1364 18521
-2782 15195
1679 10394
9672 5836
16630 2060
18353 -425
12423 -912
1355 390
-10476 1672
-18475 1405
-19714 -1565
-15572 -6830
-10122 -11480
-7863 -13101
-10175 -10303
-15029 -4293
-18810 1158
-17698 2436
-11162 -1187
-1255 -7239
7925 -12335
12289 -13019
10818 -8127
4957 448
-3253 8729
-10871 12799
-16449 10828
-19171 3852
-17769 -5022
-12253 -12585
-3057 -16045
6548 -15807
13051 -13008
12882 -9539
6240 -6701
-4854 -4716
-14662 -3024
-18243 -833
-13123 1388
-1291 2592
11237 2325
18393 649
17133 -2923
8160 -6815
-3761 -10019
-13779 -11182
-18269 -10179
-18001 -7590
-15270 -3847
-12814 -25
-12810 3844
-14068 6858
-14776 9230
-13209 11213
-8274 12312
-2394 12859
1929 13382
2028 14646
-2158 16092
-8028 16955
-12527 15872
-12985 11820
-7642 5096
984 -3039
9214 -9564
13049 -12305
10738 -9557
2874 -2607
-6438 5740
-13169 12673
-15109 15367
-13406 14481
-10423 11551
-8735 9097
-10175 7662
-13741 7402
-16929 6023
-17260 2177
-13701 -4963
-7886 -12644
-2011 -17747
1806 -17615
1985 -10867
67 -162
-1919 10704
-1928 17905
1564 18824
6829 15192
11479 10325
12884 7772
10200 9928
4481 15486
-714 19883
-2477 19079
919 11211
6925 -794
12222 -11233
13238 -14444
8589 -9268
0 847
-8590 10427
-13022 13767
-12121 9097
-7116 -835
-1364 -11388
1560 -17267
531 -16456
-3333 -9053
-8126 1599
-11802 12107
-12427 19096
-9951 22067
-5235 20529
652 14930
5788 7256
9707 -1159
11409 -7860
10842 -10962
7447 -9705
1563 -4154
-5201 3593
-11182 11426
-14997 16646
-15969 17656
-14218 15094
-10218 9906
-5240 3866
-257 -1624
4830 -6301
10161 -10036
14727 -11922
17715 -10779
18219 -6789
15906 -198
11235 7009
6053 12732
1743 15728
-672 15212
256 11120
3464 4718
7839 -2989
11855 -10246
13782 -16117
13093 -18653
11130 -17210
9357 -11375
8351 -2820
7918 6023
6159 12939
2032 15965
-5227 14473
-12767 9545
-17759 3583
-17461 -435
-11241 -1703
-1311 786
8166 5566
13190 10719
11976 15672
6546 18676
479 19067
-2043 16058
183 10663
6528 4049
13336 -807
16896 -1282
16053 2483
11367 9337
5005 15274
-937 17029
-4230 12547
-5113 3121
-3432 -7931
-66 -17055
4414 -21322
9043 -20072
11901 -15252
11765 -9448
7650 -3961
682 1234
-6811 5876
-11933 10054
-14145 13422
-13050 15198
-10875 14584
-9621 11008
-10156 5582
-11804 -156
-12873 -5678
-12050 -10376
-7933 -13586
-1372 -15402
5878 -14843
11680 -11520
15259 -6591
16804 -2003
16487 766
14892 232
12532 -3024
9092 -7618
4913 -12203
482 -15219
-4491 -15698
-9673 -12839
-13820 -7364
-16055 -643
-15974 6738
-14497 12373
-12258 14616
-10359 11888
-8761 4977
-6815 -4558
-4182 -12949
-173 -17146
4404 -15306
9499 -9003
13514 -1901
15197 2265
14640 1019
11815 -5296
7020 -12867
975 -17628
-5711 -18141
-11850 -15098
-14750 -11155
-12960 -8965
-5727 -9667
3768 -11755
11514 -13251
13232 -12126
8341 -7515
-978 -978
-9848 6008
-13478 11268
-10052 14425
-911 15148
8612 13810
13724 10968
11151 7436
2243 3425
-8935 402
-17613 -968
-21498 35
-20978 1829
-17682 2846
-13820 1025
-10756 -3292
-7955 -9449
-4873 -14668
-845 -16878
4219 -14551
9118 -8596
13164 -2183
15661 1952
16247 1344
15553 -2803
13631 -8407
10854 -13068
7824 -14502
4414 -13406
1595 -12050
17 -13013
-625 -16356
-1043 -20334
-945 -21657
-167 -17881
537 -8124
925 3986
764 14064
-131 17981
-1073 13507
-1140 2751
-595 -9483
265 -18309
1818 -20301
4403 -16852
7526 -11345
11024 -7900
13469 -8378
14344 -12160
13311 -15163
10768 -13815
6332 -6965
710 2416
-5312 10437
-10774 12961
-14685 9277
-16225 1675
-14940 -6641
-10899 -11896
-4721 -12871
2533 -10316
9612 -5374
15137 -137
18695 4410
20193 6469
19173 5442
15622 782
10709 -6086
5932 -13501
2084 -18010
-177 -16623
-644 -9707
-283 1061
295 11231
-61 16503
-1299 15495
-4006 8379
-7405 -1749
-10443 -11480
-13348 -18143
-14701 -20323
-14286 -17755
-11492 -10866
-7302 -1707
-2286 7509
1129 14120
1445 16166
-2102 12564
-7685 4164
-12173 -5359
-12350 -12477
-7566 -14440
959 -10779
10135 -4270
16734 2243
19095 6067
17144 6944
13211 7030
9693 8736
8178 11992
8360 15054
9758 15808
11608 12745
12619 5311
12619 -3444
11752 -10402
10075 -12719
8416 -8599
6209 -59
3637 9777
528 17445
-2342 20248
-3663 18674
-3124 15267
-261 12790
3758 13110
8188 15504
11087 16657
10925 13884
7758 5930
2522 -4135
-3962 -12086
-10104 -13904
-15451 -8354
-18096 1401
-17162 10439
-11835 13855
-3684 9576
5064 423
11234 -8997
12257 -13320
7603 -11096
-662 -2981
-8638 6470
-12722 12898
-10263 13903
-1865 10426
8731 4541
17179 -1285
21497 -4525
20977 -5113
17681 -3137
14035 371
10857 4920
7764 9906
4428 13866
667 15817
-4055 14644
-8617 10287
-12608 4438
-15795 -1031
-16918 -4951
-16426 -6804
-14144 -7916
-10209 -9308
-5829 -11871
-677 -14516
4626 -15297
9679 -12318
14321 -5973
17797 2065
17774 8941
12515 12191
3273 10840
-7301 6736
-15200 1958
-17345 -778
-12186 -614
-2698 2382
7128 6882
13025 11024
12110 14206
4800 15235
-5068 14206
-13452 11457
-17317 7086
-16550 2003
-14025 -1503
-12393 -1565
-13772 2085
-16264 8119
-17129 12842
-13470 12801
-5286 7516
4328 -1140
11637 -9184
12972 -12973
7950 -10405
-667 -2523
-8838 6607
-12833 12888
-9898 13895
-1720 10399
8575 4368
16810 -1743
21021 -5675
20018 -7429
15588 -8190
9713 -9017
3945 -11273
-1573 -13552
-6419 -14468
-10238 -12407
-13456 -7746
-15286 -2475
-15939 1231
-15290 1445
-14313 -2203
-13586 -7496
-12696 -11728
-11031 -12390
-9040 -7834
-6071 646
-2873 10023
0 17170
2872 19660
6070 17403
9039 12907
11120 8645
12737 6745
13506 6167
14128 5264
15126 1937
15964 -3611
15571 -9734
13870 -13526
10904 -12875
6377 -6855
434 1752
-5723 9445
-11004 12405
-14497 9731
-15656 3049
-14339 -5190
-10792 -12252
-5727 -15588
423 -14875
6306 -12097
10931 -9178
13495 -8323
14423 -9417
13426 -11263
11150 -12660
7628 -12347
4213 -11556
1373 -11517
-344 -13167
-633 -17269
-259 -21275
373 -22337
523 -17590
-34 -7524
-1330 4629
-1978 14419
-1087 17895
2027 13303
6736 2790
10771 -8002
12410 -13817
10263 -11275
5855 -2219
1127 9235
-1960 18107
-1634 21635
959 19608
3183 15492
2598 12930
-2151 13066
-9044 14355
-14165 14809
-14083 12188
-7301 6444
3281 -542
12229 -7052
14435 -10985
8074 -12091
-3483 -10649
-14442 -6703
-19211 -806
-14586 5768
-3215 11800
8703 14581
14469 12426
11893 5371
2761 -3472
-7643 -10644
-14151 -12434
-13587 -8182
-7934 959
-1093 10750
2821 16818
1004 17566
-5028 12930
-12368 5739
-17845 -765
-18996 -5028
-17223 -6184
-14475 -4385
-13357 -460
-14316 4986
-15818 10616
-15833 13801
-12795 12465
-5656 6369
3019 -2791
10165 -10652
13022 -13233
9650 -9205
1706 0
-7199 9204
-13043 13755
-14288 10896
-12350 2333
-9596 -7443
-8543 -13632
-10904 -13751
-15718 -8758
-19142 -2125
-17837 2129
-10625 2854
96 1149
10722 -962
17299 -1530
18572 935
15950 5066
11948 9292
9175 12003
9698 11542
12382 8634
15452 4055
16441 -1105
14787 -5231
10270 -8646
4582 -11463
-973 -14381
-4808 -16789
-7574 -17906
-9266 -16501
-10657 -11865
-11446 -4541
-11277 3540
-10838 9728
-10548 11515
-10786 8823
-11057 2952
-11339 -4381
-11566 -11040
-10968 -15404
-9476 -16706
-8615 -15013
-9528 -10733
-12370 -5659
-15913 -1703
-18027 378
-17187 -58
-12185 -2854
-5340 -7599
443 -12418
1912 -15324
-1359 -15750
-8228 -12809
-14764 -7281
-17200 -433
-14561 7076
-8607 13187
-2248 16639
1125 16542
570 12493
-3957 5836
-10183 -39
-16055 -2295
-19206 724
-19575 7126
-16655 12835
-11221 13733
-3611 8414
4265 -1545
10111 -10706
11638 -14312
8775 -9936
1896 -79
-5981 9792
-12310 14237
-14688 10731
-13562 1831
-10939 -8000
-9051 -14021
-9676 -13326
-12888 -7429
-16202 -539
-17151 3172
-15339 1052
-12222 -4906
-9651 -11120
-9713 -13721
-12062 -11018
-15048 -5095
-16879 608
-16192 2563
-11540 -577
-4290 -6547
4053 -11880
11616 -13278
16302 -8755
17061 -503
14594 8032
10180 12848
4470 12647
-2319 8255
-9083 2505
-15018 -1956
-19140 -2762
-21066 -1116
-19913 1116
-15447 1426
-8789 -730
-1720 -4813
4997 -9093
10285 -12126
13930 -12576
15776 -11575
15090 -10224
12038 -9651
6744 -11095
1482 -13482
-1839 -15749
-1531 -16217
2714 -15097
8387 -12869
12698 -10825
12406 -10074
7474 -10826
-1062 -12239
-9000 -12858
-12288 -11409
-10185 -7315
-3267 -1548
5118 5019
11398 11070
14148 15635
13095 17671
8302 17416
901 14994
-8051 11660
-15997 7383
-19904 3329
-17600 -62
-8580 -1750
4352 -2211
15258 -1429
19002 18
12896 1497
-391 1928
-13658 1333
-19983 -429
-15756 -2715
-3360 -4984
9664 -7495
15810 -10499
11828 -13007
554 -13897
-10903 -13172
-15273 -11119
-10082 -7685
1355 -3863
13049 -813
18590 196
15621 -765
6462 -3509
-4630 -7226
-13089 -10735
-15457 -13794
-12541 -15816
-6069 -16504
1020 -15996
7001 -13897
11064 -11531
12389 -9789
10983 -9950
6649 -11526
-10 -13908
-6875 -14728
-11846 -11861
-13844 -5811
-12592 1914
-10347 8561
-9282 11317
-10246 9957
-12782 4485
-14289 -3082
-12239 -10708
-6811 -16423
682 -19375
7650 -18001
11765 -12237
11901 -2307
9043 8360
4414 16097
-499 17655
-3635 11529
-4734 -218
-3341 -12054
461 -18517
5166 -17150
9448 -9338
12792 -609
14346 3506
14551 661
12414 -7601
7929 -15782
1286 -18958
-6528 -14077
-12895 -3769
-15506 7268
-12350 14200
-4234 13896
6169 8426
14562 1403
16893 -3212
12296 -2763
2444 661
-8642 3796
-16450 3279
-19044 -2562
-15521 -11280
-8127 -18130
521 -18431
8117 -11535
13016 -726
14191 9201
11271 13792
5016 10325
-3078 1468
-9740 -8173
-11894 -13312
-9064 -11853
-1753 -4611
6472 4912
11839 12827
13288 16867
10218 17155
4857 15515
-315 13793
-4167 13820
-5712 14699
-4555 15851
-712 16584
4917 15531
10899 13594
14218 11362
12739 9889
5652 8948
-5001 7554
-14373 5045
-18165 652
-14068 -4802
-3741 -9567
7441 -12165
14091 -11597
13603 -7011
7495 959
327 9580
-2842 16286
-696 19232
5300 18758
11160 15283
12845 9930
9269 4352
2127 -503
-5872 -5075
-12001 -9495
-13812 -14109
-11850 -17809
-6649 -19083
538 -17073
7411 -11395
13000 -4560
15810 745
14942 1764
10992 -1745
4621 -7361
-2959 -12053
-10087 -12428
-15936 -7995
-18586 161
-17324 8156
-11960 12046
-3440 10932
5332 4890
11474 -3433
12632 -11119
7675 -16521
-1150 -18995
-9569 -17456
-13017 -11604
-10185 -3064
-1832 5804
7452 11789
13195 12563
13287 6899
8309 -3249
1984 -13030
-2214 -17502
-1707 -14985
2382 -6167
7976 4658
12154 13023
14037 16504
13930 15045
12388 11566
10487 8849
8239 9170
5379 11622
2367 14759
-412 16422
-2818 16314
-4595 14968
-6721 12822
-9649 10244
-13797 8149
-17783 5691
-19457 3076
-16738 432
-10024 -2873
-647 -6071
7833 -9040
12172 -11554
11626 -12942
7684 -13128
2647 -13239
-530 -14125
-1050 -15991
1325 -17145
5670 -16318
10458 -12431
15007 -5135
17431 3919
16721 11009
11774 12957
4022 8759
-5035 351
-11542 -8255
-12794 -13072
-7371 -12151
2772 -7161
12716 -1229
17483 2257
15228 1116
6925 -4214
-3772 -10119
-12520 -12938
-17470 -11506
-18026 -7116
-16247 -1980
-14042 1692
-13343 2162
-13722 691
-14825 -1099
-15659 -1087
-16060 1148
-15963 4715
-14537 8575
-11443 11241
-6221 12615
851 12712
7597 12000
11777 10940
13357 10003
12339 9118
10640 9065
9870 9891
10784 12103
12071 14432
12728 15044
11653 12530
7890 6077
1450 -2497
-5695 -9937
-11428 -13084
-15244 -10914
-17170 -4785
-17087 1033
-15507 2847
-12364 -1429
-7858 -9215
-3167 -16294
738 -17908
3260 -13126
5163 -3249
7066 6995
10062 13402
13585 13302
17116 8473
18540 2134
16546 -1781
10539 -1654
1729 1839
-6763 7072
-12439 11899
-12925 14969
-9507 16083
-3857 15813
1224 14863
4863 13857
6814 12411
8077 11234
9740 10999
11912 10914
14125 11306
14493 11399
11986 10526
5823 9042
-2032 6861
-9994 4036
-16446 727
-19323 -2668
-19235 -4690
-16997 -4414
-14414 -1069
-11699 4786
-8977 11860
-5571 16768
-1242 16900
4343 11442
10038 2601
13314 -6484
11986 -12350
6398 -13256
-1621 -9327
-9879 -3408
-16309 1711
-18973 3660
-18816 2619
-16776 234
-14786 -1732
-13402 -1669
-13685 -79
-14730 1526
-15790 1964
-16406 -65
-16492 -2602
-16114 -3875
-15305 -2339
-14203 3109
-12553 9813
-11123 14412
-10462 13329
-10557 6583
-11593 -3300
-12200 -11469
-11226 -13289
-8768 -7882
-5805 2381
-2663 12466
-16 17736
1833 15006
2099 5536
1383 -6766
-130 -17550
-1249 -23179
-2144 -23189
-1864 -19179
-341 -13276
2853 -7793
6423 -2505
9566 2931
10889 9052
10607 15503
8144 20130
4344 21066
205 16795
-4115 8266
-7904 -1393
-10534 -9107
-11303 -11834
-10799 -9014
-9690 -2512
-9149 5291
-10347 11204
-12796 13890
-15572 12068
-17040 6943
-15775 359
-11400 -6856
-4174 -12319
3967 -14508
10916 -11920
15760 -5424
17581 3500
16054 10726
11570 12554
4575 8476
-3501 -68
-9879 -8544
-12333 -12957
-10085 -10527
-5086 -1988
-101 8719
2037 17116
-363 21021
-6424 20018
-12058 15588
-13109 9713
-8890 3945
-458 -1573
8061 -6419
13204 -10454
12456 -13558
7635 -15096
1706 -15494
-1926 -14897
-1314 -14377
2601 -14277
7957 -13697
12580 -11598
14579 -8450
14365 -4240
13521 -731
13923 693
15679 299
17535 -667
18169 -1187
16664 -249
12050 2614
6220 6580
1099 11109
-1041 15427
117 18171
3892 18094
8411 15461
11976 10471
12917 4583
12094 -1709
10559 -7040
9833 -10825
10567 -11750
13024 -9845
15447 -5589
16219 216
15202 5690
13481 9655
11641 11304
10260 10214
10160 7001
10882 2590
11574 -3138
11125 -9513
9478 -16115
7022 -20618
3761 -21315
-253 -16994
-3962 -8091
-6737 2255
-8838 10382
-10117 12866
-11599 8645
-12386 -123
-12537 -8922
-11516 -12948
-10076 -10664
-8453 -2810
-8107 6425
-9637 13007
-13393 14163
-17212 10029
-18983 3639
-16888 -2003
-9863 -4217
379 -3663
10548 -1249
17024 1225
18753 3264
16018 5284
11834 7488
9112 9802
9323 12736
11234 14691
12914 14671
12375 11574
8245 5906
1056 -789
-6598 -7070
-12274 -11121
-14506 -13026
-14190 -12983
-12180 -11926
-9540 -10860
-7973 -10487
-6503 -11121
-4591 -12722
-1606 -14939
3216 -17173
8932 -17904
12898 -16268
13291 -11542
8888 -4112
2398 4878
-2667 12555
-2855 16759
2866 15776
11453 10301
18215 3408
18299 -1981
10886 -3415
-1709 -1847
-13343 819
-18563 2298
-14462 1064
-3282 -2304
9532 -4488
17903 -2713
19289 3664
14502 11781
6334 17748
-1872 17733
-7251 11195
-9530 1148
-9835 -8283
-9420 -13083
-9882 -10847
-10518 -3093
-11270 6260
-11732 12600
-11699 14165
-12178 10953
-13158 5023
-14908 -1350
-16586 -5949
-16766 -8485
-15037 -9564
-11078 -10340
-5242 -10727
1396 -10426
7318 -10180
11088 -10225
11986 -11524
9610 -14037
5114 -16246
79 -16704
-4945 -14970
-9260 -11556
-11652 -8894
-11272 -8779
-8588 -12124
-5067 -16956
-1641 -19842
275 -17473
825 -9485
-68 1544
-893 11775
-678 17311
1841 16592
6580 10553
11882 3125
15856 -1606
17877 -1916
17495 1337
14934 6612
10889 11855
5493 15009
-882 15220
-6902 13301
-11673 9986
-14041 6825
-14405 3686
-13947 1431
-14244 660
-15276 881
-16342 2884
-15767 6110
-11909 9888
-5440 13907
2659 16687
9220 16553
11821 12061
9476 4266
3565 -4276
-4110 -10655
-11029 -12417
-15802 -8395
-17749 -97
-16184 8296
-11019 12737
-3856 11120
3135 4231
8575 -4868
11419 -12608
10566 -16865
6565 -17145
1846 -15444
-794 -13821
-726 -13447
2523 -13552
7227 -13314
11375 -11564
14465 -8540
15722 -5218
15827 -2147
15599 109
14760 1234
13483 1734
12952 1399
14082 33
16751 -1106
19964 -1987
20889 -1722
17611 -51
9138 2928
-1869 5947
-10887 8707
-13426 10784
-8637 11161
1699 9136
12258 5159
18342 -106
16764 -5719
9901 -10667
1805 -14050
-3074 -15252
-1664 -14050
5392 -10667
13609 -5719
18547 200
17971 5303
13862 8868
9407 10532
7833 10660
10938 9001
16184 6546
19819 3455
18477 270
10174 -2284
-1813 -3462
-12951 -2763
-18477 -461
-16440 3907
-8885 8655
-708 13011
3495 15853
737 16500
-6216 15095
-12859 12551
-13957 10019
-8397 8029
2254 6736
12728 4769
18184 1394
16488 -4223
10014 -10649
2471 -15590
-1818 -17146
-1124 -14101
3465 -7936
10088 -1572
16420 1871
20127 1585
20723 -692
18645 -2651
14587 -1523
10174 2851
5718 9499
2253 15067
175 16457
204 13067
2791 5770
6782 -3141
11269 -11219
14256 -16483
15054 -18586
13545 -16777
10428 -11135
5661 -3402
520 4451
-4984 10028
-9999 11456
-14567 8227
-16780 1563
-15983 -5981
-11383 -11580
-4243 -13514
4002 -10902
11286 -5472
15885 437
16987 6018
15601 9716
12879 11405
10250 10748
9342 8587
10770 5066
13450 1640
15863 -709
17653 -1030
17888 446
16942 1781
15240 1374
12431 -2011
8310 -7886
3710 -13701
-534 -17350
-3980 -16971
-6016 -13663
-7724 -9991
-10170 -8572
-12746 -10449
-14327 -13693
-14079 -15524
-11063 -13404
-6127 -6193
395 3632
6524 11625
10518 13642
12120 8291
11425 -2075
7760 -12507
1236 -17818
-7019 -16427
-14670 -10298
-18775 -2882
-16920 2078
-9506 2094
491 -2477
9132 -8459
12238 -12588
9090 -12857
569 -9803
-9322 -4591
-16846 1051
-18844 5821
-14878 9795
-7250 12764
1164 14511
7978 15889
11898 15839
12592 14430
10481 11336
5660 7448
-1558 3547
-9291 666
-15934 -734
-19653 -58
-19737 1234
-17389 1973
-14490 818
-11228 -2742
-8501 -7964
-5258 -13113
-701 -16561
4344 -16992
8822 -14433
11352 -11177
11272 -9518
7863 -9935
2382 -11385
-4299 -12522
-11091 -12082
-16007 -9075
-18778 -4554
-18466 -489
-15381 1420
-9499 -176
-2602 -4379
4539 -9147
10955 -12547
15010 -12805
16132 -11263
14367 -9377
10433 -9368
5191 -11010
-97 -13707
-5290 -14826
-9807 -12379
-13758 -6011
-16445 1993
-16241 8904
-12491 12214
-4965 10173
3500 3729
10267 -4642
12513 -12297
9922 -16603
4594 -17716
-385 -16344
-1805 -13682
1467 -11382
8333 -9606
14847 -6862
17470 -2228
14024 4735
5313 11444
-4926 15100
-13092 13497
-16313 5884
-15372 -4260
-12086 -12320
-9131 -13664
-7422 -7344
-6261 3560
-4594 13852
-1602 18204
3468 14504
9016 4173
12665 -7074
12617 -13437
7696 -12616
161 -5492
-7536 4268
-12909 12602
-13744 16865
-11566 17163
-8831 14378
-8655 9902
-11504 5760
-16361 2303
-19496 366
-17752 -35
-10421 1669
58 5362
9241 9225
12807 11315
9546 11179
1318 8281
-8632 3910
-16616 -891
-20213 -4535
-19575 -6591
-15649 -8056
-10265 -10138
-4976 -12509
-1356 -14451
322 -15616
193 -15635
-2149 -14594
-6341 -13010
-10253 -11560
-11936 -11081
-10508 -11147
-6183 -11508
-1366 -12606
1365 -14778
1651 -17122
-380 -18800
-2098 -18675
-1065 -16038
2719 -11033
7875 -5463
12767 -985
15960 681
15729 -992
12257 -5895
6467 -11677
-43 -15936
-6246 -17720
-11128 -17163
-13119 -14545
-11574 -10964
-6042 -6605
2059 -2998
10393 -438
16806 546
19105 73
17826 -1670
15061 -2645
13542 -1487
13785 2689
15601 8333
16081 12604
12899 12452
5711 7888
-3321 -235
-10527 -8126
-12665 -12200
-8531 -11725
-163 -7983
9388 -3067
16916 380
19651 1392
18328 -457
14217 -4682
9773 -10586
5914 -16311
3767 -20237
2334 -20584
1106 -16452
-706 -7810
-1994 3350
-2188 12894
-1033 17102
2275 14442
6288 5828
9920 -4674
11620 -12847
11530 -16211
10742 -15021
9971 -11683
9863 -9058
11256 -8612
13521 -10396
14452 -12264
12410 -12104
6289 -9612
-2508 -6055
-11245 -2349
-17118 739
-18790 1793
-17102 1752
-14495 796
-13250 -596
-15003 -1159
-17983 -1166
-19689 -448
-17774 677
-10799 2120
-409 3644
9061 6092
13443 9604
11686 14353
5996 18284
60 19622
-2041 16777
558 9681
5825 267
10801 -8177
12043 -12350
8793 -11563
1167 -6994
-7965 -1647
-15889 1096
-20520 459
-21566 -3158
-18385 -7814
-11585 -11585
-2067 -12638
8092 -10316
15372 -5608
16753 507
12003 6033
2952 10466
-6541 12297
-12534 11129
-13102 6381
-8611 -1228
-2475 -9437
1925 -16197
2120 -19335
-2096 -18570
-7950 -14839
-12624 -9448
-14366 -4374
-13741 -268
-11718 3888
-9932 8981
-8372 14826
-6279 19736
-3600 21194
-444 17174
3523 8436
7087 -1865
9780 -9968
11003 -12195
10439 -8089
8132 122
4437 9384
-409 16146
-4893 18254
-9070 14956
-12382 7980
-15001 -609
-16226 -8170
-16361 -12687
-14773 -13565
-11189 -10890
-6768 -4890
-2628 3455
-54 11318
-86 16348
-2362 16602
-5962 12040
-10373 5070
-14742 -1814
-18061 -6096
-19210 -7228
-17217 -7351
-11777 -8881
-3587 -11763
4610 -14847
10526 -15741
12171 -12819
8479 -5496
663 3364
-7597 10443
-12683 12285
-12677 8352
-8300 515
-2370 -8704
1607 -16281
2854 -20301
1149 -20535
-962 -18130
-1314 -14462
1037 -11581
4877 -10471
8847 -10669
11699 -11590
11648 -12607
9247 -13863
4872 -14773
-702 -14702
-5795 -13838
-10191 -11186
-13190 -6760
-14408 -494
-14256 6463
-12307 12195
-8053 15643
-1137 15627
6980 12861
14260 7788
18095 2751
16449 -160
9843 -379
862 1702
-7372 5658
-11745 10732
-10706 15012
-4845 16705
3529 15403
11729 10823
17049 4278
17924 -2764
15176 -8379
9853 -11123
3840 -9793
-1910 -4232
-6715 3538
-9838 11081
-11474 16988
-10400 19926
-6791 19375
-1003 15773
5926 8968
11592 949
14124 -6625
12101 -11513
5615 -13560
-2713 -12641
-9756 -10742
-12580 -9545
-9451 -10328
-1453 -12655
7404 -14077
12805 -12587
13203 -6946
8757 1953
2670 10973
-2043 17405
-3165 19135
-1384 17670
1034 14936
1912 13143
-500 13999
-4906 15883
-9567 16454
-12677 13451
-12693 5930
-10951 -4135
-9109 -12086
-9328 -13904
-11454 -8354
-13897 1401
-14725 10439
-12162 13549
-6011 9432
1993 691
8904 -8368
11998 -12764
10071 -11186
3919 -3959
-4198 5054
-11904 12313
-16667 14839
-18408 12827
-17346 7126
-14249 -481
-10793 -7999
-7775 -14138
-4719 -17042
-1534 -15840
2161 -10067
4707 -761
4875 9085
1696 16148
-4443 19412
-10807 18240
-14449 14428
-12577 9792
-5265 6177
4700 4211
13440 2821
17072 643
14093 -2045
5313 -5156
-4995 -8212
-12350 -10694
-14745 -12892
-12039 -15177
-6059 -16546
584 -16062
6538 -14338
10616 -11530
12249 -9588
10899 -9800
7797 -12363
3522 -15505
139 -17406
-915 -16010
1273 -11204
6137 -3769
10704 4395
12437 11468
9524 15622
2400 16141
-6004 13981
-12651 10656
-15800 6729
-15762 2708
-14379 22
-13648 -777
-14481 1417
-15572 5279
-15355 9457
-11952 12115
-5924 12431
1440 10406
7894 8518
11531 8626
11486 11968
8757 17100
4387 20205
96 18226
-3247 9691
-5035 -2308
-4273 -13208
-937 -18603
5047 -16139
11289 -8144
15868 167
16950 3762
13464 -191
6625 -8861
153 -17024
-2418 -19484
197 -13423
6669 -1246
12534 10411
13862 15460
8579 10732
-1043 -141
-10149 -10965
-13706 -15490
-10258 -10415
-1598 661
7762 11447
13107 15557
12741 9806
8309 -2713
2530 -14967
-1604 -19780
-1770 -14721
1690 -3170
6974 8732
11677 14392
14669 11499
15683 2520
14346 -7553
11018 -13207
5692 -12207
-1071 -5712
-7443 3485
-11979 11747
-13389 17123
-11901 18976
-9737 16896
-8849 11062
-10652 3307
-13852 -5046
-15633 -10902
-13288 -11664
-6302 -7678
3473 -79
11423 7535
13798 12023
8749 11131
-692 4953
-9815 -3783
-13539 -12137
-10185 -17260
-1832 -17895
7452 -14935
12978 -9954
13185 -3752
8498 3169
2428 9739
-1388 15251
-1567 18359
1311 18164
6085 15189
11324 10597
15000 4820
16687 -759
15459 -5952
11148 -10740
4538 -13751
-3161 -15009
-9281 -13913
-11407 -10885
-9281 -5919
-3161 -365
4538 5335
11365 10829
15561 14409
16497 16053
14555 14826
10408 10793
5903 4566
2460 -2315
508 -9084
650 -14840
1931 -18566
4540 -19804
7552 -17524
10184 -11323
11705 -2855
10806 5614
7185 12257
911 15237
-7062 14688
-14138 11436
-17979 6286
-16799 365
-9922 -4429
881 -6393
11329 -5043
17059 -501
16838 6271
11503 12592
4203 16477
-1360 15809
-3845 10679
-2905 1752
-643 -8090
856 -16279
368 -20273
-2209 -19278
-6249 -15072
-11116 -10030
-15186 -5382
-18174 -2126
-18589 -479
-15991 -378
-9953 -1706
-1383 -4253
6802 -7553
12205 -11092
12855 -13750
9298 -14667
3625 -14656
-1296 -14517
-4646 -14512
-6343 -14935
-7605 -14379
-9382 -11954
-12591 -7607
-16426 -3007
-18471 339
-16622 1195
-10832 -1301
-2951 -5884
5218 -10273
11642 -11899
15123 -10390
16263 -6737
15776 -2410
15084 574
14499 1985
14413 1357
14732 206
14916 -283
15554 674
15592 2763
14581 6130
11611 10214
7384 14797
2315 18473
-1183 19520
-1028 16560
2132 9681
7245 267
11269 -8177
12066 -12566
7781 -11665
174 -6804
-8751 -1202
-15921 1795
-20223 539
-20165 -4117
-16597 -9444
-10341 -12708
-3197 -11958
4270 -7507
10726 -2049
15310 2091
17612 2667
17819 1061
16673 -1143
15194 -2212
14109 -466
14209 2385
14916 4123
15381 2227
15763 -3155
15030 -9926
13464 -14329
11331 -13191
8062 -5815
3896 4688
343 13915
-1482 17275
-778 13451
1877 3852
3647 -7645
1987 -16629
-3202 -21028
-9405 -20427
-13605 -16209
-13043 -10586
-6606 -4783
3930 -267
13575 1836
18030 557
14657 -3232
5572 -8485
-5300 -12281
-13182 -11940
-16076 -7396
-14422 526
-10998 8140
-9137 12099
-9466 10892
-11346 4543
-12734 -4020
-11585 -12018
-7718 -16635
-2128 -17638
4318 -15151
10739 -10016
15384 -4025
17894 1831
16809 6756
11655 9837
3360 11431
-6264 10477
-13784 6974
-16156 1165
-13030 -5953
-5841 -11880
3185 -14539
11056 -12121
16373 -5270
17732 3281
15659 10198
11107 12563
5324 8490
456 -726
-2036 -10824
-1209 -17418
3573 -18105
10754 -12904
16562 -5020
17284 1831
12251 6113
2504 7807
-7392 8435
-12935 9370
-12828 11839
-7808 14593
-1722 16490
1426 16289
427 13473
-3927 9103
-10009 4047
-15474 -810
-19243 -4115
-20222 -6615
-17789 -8409
-11577 -9874
-3178 -11790
5871 -13566
11970 -14054
12109 -12191
6641 -8059
-2809 -2651
-11900 1303
-16966 1693
-15226 -2023
-7587 -7429
2858 -11842
12280 -12758
18019 -8352
18555 -235
15208 8114
9660 12705
3416 12578
-3200 8047
-9436 2274
-14975 -1938
-18716 -2502
-19737 -722
-18327 1405
-14927 1316
-10837 -1526
-7317 -6558
-4087 -12026
-1263 -16186
1678 -18020
4213 -18104
4618 -16858
1787 -14754
-4041 -13272
-10256 -12111
-14018 -11518
-12614 -11051
-6087 -10994
2668 -11073
10092 -11084
12560 -11035
8791 -9785
-268 -7246
-10297 -3618
-17078 824
-18195 4874
-13882 7857
-6436 10655
1246 14160
7049 17546
10207 19061
11021 17516
10174 12312
8364 3400
5568 -7072
2585 -15067
-228 -17230
-1658 -12292
-1296 -2466
-105 8707
816 16889
911 20525
-287 19745
-1353 16741
-1195 13783
389 12976
2400 14586
3131 16491
981 16515
-3742 14118
-9338 9984
-14017 4810
-16297 -469
-14669 -5113
-9951 -9509
-4013 -13033
970 -15725
3529 -16869
3443 -16245
1560 -15096
-692 -14620
-3054 -14826
-5314 -14730
-7731 -13859
-10442 -11201
-13173 -7697
-15304 -3495
-16178 -431
-15214 523
-12807 -1503
-9717 -5786
-5638 -10992
-889 -15816
4564 -18280
9515 -18396
12441 -15657
12353 -10755
8702 -3866
3235 3236
-1207 9920
-2008 14887
1713 18143
7696 18524
12635 16135
13105 11582
8062 4892
-1140 -2429
-9731 -8596
-13150 -11838
-10137 -12055
-2211 -10759
6718 -9400
12884 -9493
13534 -12020
9761 -16097
3783 -18711
-1480 -17458
-4115 -10795
-3853 78
-1693 10936
1264 17620
3531 18726
5596 15731
7599 11420
9888 8572
12417 9424
13974 12260
13902 14431
11674 12696
7493 6843
3073 -2255
-159 -11176
-605 -16709
1534 -17960
5407 -16249
9254 -13079
11581 -10555
10947 -9483
7740 -9701
3295 -11560
-392 -14728
-2970 -18473
-3429 -20914
-2259 -20644
99 -16764
3075 -8784
6574 1475
9562 9983
11605 13101
11664 9620
10425 823
9241 -8426
9264 -13542
11668 -12321
15678 -6688
18490 -368
17613 2185
12395 -12
4819 -6469
-1333 -13323
-2590 -16788
2000 -15854
10029 -11655
16822 -5647
17989 539
11792 4542
788 6079
-10630 4549
-17489 -8
-18019 -5902
-12575 -11928
-4775 -15721
1388 -15615
4365 -11090
4527 -3014
2554 6645
71 15511
-2581 21720
-4324 23475
-4134 21077
-1406 15079
4024 7339
10761 -588
14972 -7065
13670 -10600
5789 -11173
-6262 -8962
-16364 -4908
-19019 -21
-12311 3726
691 4796
13375 3338
18885 -113
15184 -4704
4508 -8550
-7202 -10872
-13898 -11085
-12633 -8185
-4736 -2133
5413 5148
12745 11637
15102 15917
12671 17116
6768 16208
-369 14106
-7401 12049
-13486 9783
-16832 6461
-16529 1569
-12220 -5186
-5175 -12117
797 -16780
2312 -17459
-1709 -12981
-9650 -5948
-16669 324
-18013 2673
-12612 -751
-2127 -7414
8192 -13251
13206 -13752
11272 -8068
3739 2114
-5516 11147
-12733 13988
-14582 8830
-11801 -1831
-5769 -12583
1418 -18078
6990 -15621
10112 -7145
10832 3789
9962 12831
7273 17275
2418 16943
-3797 13594
-10444 9786
-16307 6366
-19518 3469
-19341 1366
-15521 395
-8512 -279
-68 -162
8444 116
15208 -105
19583 -290
20952 -921
19417 -1004
15604 342
10396 2441
5456 5787
1612 9902
-624 14713
-498 18882
676 21673
1699 21214
719 16504
-1995 8086
-6451 -1698
-10364 -9449
-11540 -12180
-10211 -8789
-6420 -653
-2333 9000
552 16412
594 19862
-1527 18994
-5635 15133
-10457 10180
-15493 5501
-19122 2495
-19757 818
-16052 456
-8632 409
978 978
10137 1096
16080 310
18191 -2037
16452 -5811
13051 -9462
10174 -11193
9210 -11053
10362 -8334
12865 -4243
15787 10
17628 4114
17319 7903
14919 10533
10608 11213
5057 10756
-1475 9767
-7277 9333
-11215 10509
-12089 12769
-9422 15285
-4670 16625
836 15323
5126 11541
8110 5121
9576 -2636
10277 -10453
9576 -16993
8110 -20875
5126 -20848
836 -16543
-4670 -8286
-9422 1850
-12089 9954
-11738 12963
-7523 9089
-1018 749
6131 -8184
12080 -13557
15011 -12788
15192 -6644
14137 233
13993 3252
14688 545
15995 -6469
15726 -12860
12051 -13895
5465 -8406
-2373 760
-8806 9387
-11587 12882
-9721 10158
-4325 2980
3222 -5534
11174 -11723
17071 -13947
20160 -12259
19529 -7231
15337 71
8362 7203
769 12462
-6136 14179
-11041 11616
-12501 4741
-10088 -4715
-5144 -13021
584 -16448
5623 -14212
8664 -6599
10005 3235
10418 11945
9328 17396
7340 18691
4167 17205
143 14297
-4182 12053
-7401 10942
-9501 10886
-10434 11823
-10059 12519
-8635 13387
-5541 14075
-897 14218
5235 14111
11358 12241
15597 8132
16210 1204
13294 -7298
8333 -14786
3019 -18674
-762 -16519
-2060 -9180
-1261 1660
205 11525
1017 16596
-425 14967
-4196 7921
-8622 -2049
-11698 -11567
-13195 -18080
-13031 -19631
-11869 -16754
-10557 -10299
-8929 -2296
-6328 5678
-3154 11978
556 15039
3985 14935
7195 11279
10511 5756
14053 327
18096 -4139
21264 -5805
21524 -4588
17232 -982
8648 4943
-2133 10694
-10665 13986
-13242 12322
-8676 6198
219 -2810
9049 -10437
13523 -12912
10724 -9050
2273 -220
-7457 8675
-13435 12808
-13807 10461
-8739 2511
-2112 -7760
2673 -16664
2962 -21754
545 -22458
-2107 -19654
-1841 -14794
1838 -9396
7524 -4225
13143 -702
16544 570
16735 -1261
14840 -5582
12149 -10009
9991 -12386
9899 -11025
11272 -6279
13615 -948
15597 2137
17166 1873
17777 -1183
17229 -3586
15097 -2420
12158 3228
8481 10666
4369 16539
-125 17470
-4033 12331
-6658 2980
-8625 -6688
-10172 -12999
-12233 -13358
-14131 -9137
-15632 -2964
-16154 1581
-15690 3350
-14210 2385
-13337 307
-13810 -1133
-16518 -1131
-19255 -107
-20103 806
-17061 897
-9739 -1152
-12 -4225
8643 -7927
12905 -11071
11634 -13632
6026 -15554
143 -16248
-1920 -15446
854 -13063
6717 -9308
13008 -4665
16860 450
16283 4936
11275 8645
4530 11756
-1056 14818
-4144 17295
-4868 18767
-3206 18465
-7 16132
4428 11635
9554 5875
13854 1075
16310 -791
15854 535
13283 3795
10420 7895
9562 11309
10566 13060
13137 13043
14479 11891
12396 10820
6425 9581
-1707 9274
-8878 9581
-12378 10730
-10358 11849
-3809 13121
4684 13244
12170 11166
16500 7724
17905 3776
16788 749
14164 53
11360 1476
8835 5198
5675 10033
1281 14579
-4222 18344
-9137 20315
-12099 18690
-11960 12224
-8665 2286
-4117 -8112
-240 -15549
1047 -17305
-1061 -12014
-5174 -1764
-9492 8328
-11846 13006
-11227 10587
-7429 2103
-2638 -8603
870 -17447
2485 -21463
2210 -20252
932 -16621
-390 -13186
-1065 -12527
-1384 -13874
-1065 -15948
-174 -17351
1034 -16397
2020 -14555
2040 -13068
783 -13381
-2430 -15716
-7005 -17952
-10855 -17712
-11925 -13154
-10034 -3611
-5948 7450
-1603 15961
1407 17900
1516 12112
-336 429
-2069 -11467
-1537 -17942
2139 -17130
7982 -10978
13670 -3169
16884 1700
16645 2262
13862 -1733
10733 -7359
9190 -11585
10733 -13093
13862 -11740
16645 -7411
16884 -926
13670 7165
7982 15175
2139 19566
-1537 17309
-2069 8996
-336 -3233
1516 -13815
1623 -17695
-1501 -13627
-6138 -3769
-10479 6818
-12535 13153
-10893 12030
-6124 3869
-984 -7377
1959 -17587
1489 -22959
-692 -23004
-2555 -19149
-1521 -13546
2306 -7907
7608 -2051
11675 3780
12115 9877
8186 14946
1167 17217
-6338 16045
-11911 11504
-13304 3847
-10969 -4544
-5749 -11740
455 -15638
6618 -15642
11547 -12487
14557 -6784
15557 40
13685 6700
9517 11479
4190 14319
-584 15495
-4378 14686
-6518 13075
-8048 11289
-10116 10073
-12256 10359
-14204 12031
-14294 13267
-11163 12345
-5582 8845
1562 3360
8848 -1070
15217 -1727
18957 1495
20023 6970
17505 11540
11532 12670
3294 8415
-4991 925
-10680 -7114
-11716 -12752
-7457 -13457
295 -9343
9143 -3160
15961 2356
19447 4895
18707 5501
15107 5987
10343 8756
5685 13460
2573 18395
776 20475
150 17597
307 8767
1167 -2764
1540 -12869
704 -17248
-2100 -14559
-6503 -6491
-10463 3756
-11760 12400
-10463 17096
-6503 17743
-2100 16031
920 14441
1642 13467
978 13877
-137 14793
-676 15365
636 15623
3644 15800
7576 14811
11606 11683
14348 7167
15571 1842
15486 -1655
14298 -1603
12870 2708
10408 9734
6638 15691
1454 17437
-5155 12887
-11348 4164
-14585 -5682
-12614 -12703
-5926 -15519
3121 -13920
10542 -10833
12499 -9008
8494 -9767
691 -11804
-7430 -13261
-12417 -12141
-11619 -7729
-5065 -960
4068 6179
11993 11717
16987 14385
18065 14802
15593 13223
10145 10501
3596 7526
-3623 4403
-10196 1818
-15383 -167
-18156 -799
-18203 -761
-16671 -184
-15090 133
-13846 391
-13874 0
-14629 -392
-15790 -134
-16508 183
-16303 760
-15670 798
-14912 256
-14266 -1777
-13244 -4482
-12125 -7711
-10812 -11098
-9865 -13401
-9952 -14137
-10502 -13081
-10926 -10175
-11279 -6305
-11850 -1640
-11887 3765
-11035 9465
-8982 15515
-6469 20194
-3333 21333
393 17333
3714 8508
5966 -2353
7878 -10899
10251 -13318
12476 -8402
13680 881
13420 9809
11529 13667
7885 9800
3293 -361
-177 -11551
-917 -18683
1728 -18315
6488 -11359
11906 -2520
15926 3585
17965 3898
17914 472
16568 -3208
14709 -3515
13394 1508
12981 9040
12576 14713
11231 14514
9035 6662
6453 -5235
3415 -15620
288 -18821
-3302 -13275
-6908 -2289
-9885 8694
-11319 13782
-11672 11054
-10716 2331
-9893 -7451
-10112 -12901
-11628 -12165
-12971 -5790
-13249 3300
-11585 11585
-7202 17149
-503 19262
6479 17311
11804 11819
14321 3309
14110 -6262
12222 -12864
9718 -13423
8014 -6704
6423 4839
4405 15262
919 18705
-3436 13586
-8189 2031
-11410 -9417
-12018 -14680
-9245 -10638
-4906 648
-823 12677
1253 19224
-249 16518
-4145 6739
-8838 -5311
-11895 -14171
-13003 -16806
-11910 -14500
-10348 -10409
-9795 -7826
-10712 -9242
-12306 -12574
-13038 -14993
-11351 -13264
-7243 -6948
-1640 1660
4702 9292
10514 13035
15413 11142
18473 5977
18905 524
16260 -1586
11108 558
4670 5785
-259 11935
-1498 16749
1579 18125
6858 16023
11495 12471
12686 9329
8724 8478
598 9270
-7905 10897
-13012 12427
-12934 12385
-8145 11860
-2019 11874
2438 13597
2698 17010
423 20455
-2119 21277
-1993 17593
1319 8681
6643 -2077
11234 -10729
12908 -13316
10043 -8581
4759 1680
-186 12246
-1575 18105
1141 16800
6574 10237
12515 2321
16285 -2275
17190 -1985
15532 2997
12759 9026
10424 12998
9492 12293
10202 8327
12271 2934
14943 -1673
17862 -3374
20221 -2764
20188 -728
16283 1156
9063 2575
122 4335
-7769 6702
-11810 9821
-11657 13844
-7588 17403
-2520 18722
672 16210
907 10168
-1483 2288
-5814 -5589
-10965 -11696
-15185 -14404
-16766 -14043
-15418 -11984
-10843 -9747
-4437 -9058
2971 -9903
8835 -11322
11013 -11847
9344 -11532
3852 -10268
-3537 -9431
-10799 -10198
-16152 -11884
-18330 -13016
-16698 -12888
-11625 -11069
-3576 -6847
4733 -1291
10790 4961
12189 10481
8284 15011
258 16968
-8025 15881
-12496 11472
-12191 4386
-7507 -4271
-1816 -11916
1358 -16226
1002 -16796
-2857 -14814
-7813 -11908
-11873 -10060
-12713 -10216
-10632 -12480
-5938 -15035
311 -16408
6726 -14913
12401 -10427
15675 -4552
15710 1265
11821 5243
4499 7735
-4064 8990
-11279 9677
-16243 10151
-18241 9229
-17599 6413
-15312 1409
-11505 -5642
-7382 -13112
-3243 -17782
359 -16905
3075 -10679
5085 -1676
7108 7021
10241 12183
13627 12310
17038 8283
18356 2783
16384 -955
10565 -1717
2015 1147
-6348 6070
-12204 11333
-13169 15559
-10266 17914
-4744 17955
1548 15557
6218 11284
9069 5674
11055 1009
13210 -676
16226 646
19061 4648
18836 9010
13784 11599
3246 11260
-8741 8216
-17484 3766
-18813 -251
-10970 -3260
2145 -4121
14324 -3033
19046 1
14289 3740
2712 7930
-9131 10845
-14609 11059
-10950 9110
172 5675
12206 2163
18472 -49
16520 -249
7967 2095
-3279 6077
-12962 10440
-17652 14532
-17811 16943
-14524 16337
-9800 12178
-5452 4078
-1840 -5771
32 -14006
-15 -17634
-2437 -15025
-7014 -7668
-12094 -163
-15735 2825
-17426 13
-16264 -6737
-13475 -12813
-10471 -13934
-7379 -8022
-4908 2952
-2539 13485
-364 18370
2502 15184
5334 6029
8210 -4999
10870 -13618
12926 -16385
13902 -14656
13317 -10926
11087 -8232
6889 -8785
758 -11642
-5758 -14082
-11341 -13731
-14943 -8960
-16712 -2316
-16560 2756
-14735 3146
-12250 -2632
-9215 -11197
-5473 -18040
-633 -18878
4323 -11648
8947 178
11653 10895
11566 14989
8727 9550
4808 -2802
1240 -14928
-482 -19606
470 -14622
3341 -3059
7349 8835
11368 14410
13902 11465
13974 2127
12417 -8068
10411 -13566
7845 -11487
5139 -3490
2458 7278
99 16563
-1641 22319
-1994 23944
-1253 21381
586 15387
2440 7321
4380 -1659
6731 -8798
10087 -11741
13612 -10459
16862 -5759
18107 -835
16530 1526
11649 -546
5607 -6484
576 -13081
-1439 -17244
983 -16720
6678 -11437
12994 -4257
17057 1640
17352 5251
14529 7261
10913 8442
9220 9647
9831 11780
12256 13537
13806 13880
12604 11733
7132 6908
-430 335
-7779 -6357
-11952 -11604
-12352 -14417
-9266 -15572
-4312 -15419
1030 -14824
4672 -14336
7189 -13931
8737 -13111
10322 -11131
11777 -8540
13580 -5218
15014 -2147
15510 325
15531 1336
15703 1544
15825 954
15515 162
15317 -797
14822 -1753
14631 -1794
14727 -217
15400 2594
15791 5596
14809 8537
11585 11154
5934 12417
-741 12065
-7111 11028
-11385 9991
-13464 10055
-12953 10977
-11458 11927
-10581 11958
-10365 10760
-10259 9051
-10372 8241
-10117 9517
-10065 12868
-8864 16765
-6134 18753
-1531 16557
4982 10199
11823 1650
15540 -6565
13676 -11784
5275 -12763
-6843 -9516
-16713 -4244
-19005 1057
-11840 3847
1167 4183
13687 2295
19426 -985
15186 -4216
3292 -6529
-9163 -8285
-15351 -9476
-11515 -10577
-86 -10019
12511 -7152
19610 -1770
17995 6291
10081 14149
1031 18823
-3364 17633
-1353 10206
4750 -711
10985 -10208
13528 -13668
9746 -9403
1877 189
-6877 9745
-13113 13844
-13885 10143
-10180 18
-4005 -11208
1725 -18417
5757 -18336
8671 -12129
11113 -3705
14341 2639
17569 4412
19803 2779
19538 -206
16087 -2194
9017 -1373
219 853
-8644 2599
-15463 2075
-19318 -1907
-19964 -7350
-17083 -11816
-11384 -13067
-3397 -9674
5140 -4025
12258 1014
16508 2130
16580 -1187
14136 -7239
10920 -12335
8940 -13019
9906 -8127
13250 448
15530 8729
13595 13105
6690 10972
-3474 3584
-11812 -5651
-13980 -12618
-8588 -15709
1182 -15286
10299 -12666
13955 -9904
9386 -7483
-647 -5447
-11577 -3192
-18214 36
-17986 3582
-11548 6927
-3191 10428
2939 14107
3988 18122
1450 21550
-1792 21938
-2714 17683
674 8506
6450 -3082
11683 -11998
13100 -13706
10099 -7445
4671 3511
-270 13842
-1561 18189
1101 14290
5776 4192
10147 -6903
11939 -13727
9434 -13004
3311 -5192
-4475 5200
-11877 13478
-16301 16738
-17125 15780
-14687 12375
-10184 9202
-4224 7144
2693 5587
9426 3762
14710 872
18357 -3207
19380 -6996
17150 -9852
11923 -11062
3642 -10259
-5298 -8066
-12790 -4551
-16547 -394
-16291 4169
-13549 8567
-10466 11361
-9638 11844
-11336 9262
-14959 5163
-17578 1064
-16817 -1477
-11295 -1147
-1670 1070
8723 2896
16487 2219
20116 -2125
19759 -8758
16077 -13751
10626 -13848
4278 -7545
-2429 2522
-7981 11341
-11621 14364
-12346 9242
-11346 -882
-9855 -10651
-9534 -14193
-10938 -9998
-13741 -268
-15146 9512
-12589 14158
-6264 10842
2592 1669
9977 -8272
12928 -13741
9445 -12011
1752 -4611
-6855 5071
-12658 12733
-13424 16720
-9924 17412
-4056 16072
1544 14070
5328 13212
6858 12841
7746 12526
9644 11318
12521 9283
15192 6829
16628 3760
16123 287
12928 -3940
8387 -8861
3504 -13275
-675 -15920
-2657 -16974
-2849 -16298
-1467 -15195
673 -14930
2891 -15120
5002 -14735
7273 -13442
10291 -10760
12903 -6718
14768 -1198
14456 4836
11335 10233
5598 14844
-854 17452
-6826 16813
-11128 11895
-12303 3878
-10277 -5834
-5686 -13656
585 -16832
6419 -14388
10900 -8579
13585 -2240
14824 1352
13838 536
11187 -4604
6607 -11320
567 -16363
-5904 -18752
-10749 -17699
-12776 -14483
-11397 -10604
-6106 -6579
1368 -2711
9391 -24
15717 997
19449 -70
20115 -2618
18278 -3977
15185 -1735
11057 4022
7195 11436
3438 16952
-270 17121
-3192 11704
-5447 2029
-7483 -7384
-9904 -12823
-12666 -11479
-15286 -4845
-15709 4302
-12402 12681
-5549 17001
3394 16867
10527 13576
12711 9411
8792 4946
1139 509
-7126 -4344
-12669 -9571
-13027 -15204
-8881 -19016
-2885 -19722
2046 -16523
3626 -8995
1831 624
-895 9992
-2352 16384
-895 18929
1831 18429
3626 16274
2568 14344
-2639 13559
-9338 14024
-14100 13980
-13834 11655
-7074 7154
2998 676
11654 -5953
14382 -11470
8998 -14321
-1640 -15097
-11538 -13712
-14786 -10443
-9076 -7041
2790 -3610
14377 -1265
19080 -173
14784 -1096
3861 -3167
-7732 -6484
-14259 -10657
-12293 -14228
-3974 -15684
6299 -14549
13821 -10737
14898 -4652
10607 2288
3663 9231
-2245 15251
-5566 18867
-6908 19045
-7621 16089
-8912 10731
-11980 4128
-14759 -2401
-15496 -7650
-12166 -10735
-5244 -11097
3311 -9232
11223 -5318
16495 -423
17533 4986
15601 9180
12332 11467
9857 11018
9508 8571
11272 5431
14006 2239
16253 211
17229 -1055
16558 -1057
15356 -595
14286 -97
14275 -547
14286 -2667
13683 -6161
11711 -10284
8102 -14937
4243 -18620
930 -19591
-799 -16751
-766 -9323
710 1246
1786 11313
1226 17678
-2100 18241
-6503 14404
-10463 9744
-12066 8327
-10607 10905
-6235 15898
-1471 19411
1782 17822
1696 10223
-268 -1439
-2182 -12192
-2033 -17337
1560 -15278
7212 -7737
12022 2484
12955 12122
9670 18031
3833 20144
-1115 18617
-2065 15028
2023 9891
8835 5041
15012 1334
17077 -542
13478 530
5313 4520
-4380 9213
-12050 12566
-16173 12948
-16442 10503
-13977 8100
-10268 8682
-6604 12135
-3236 17177
-893 19991
-79 17770
-180 9281
-771 -2183
-1028 -12519
48 -17262
2055 -15030
5353 -6967
8613 3443
10585 12598
11221 17442
9638 18312
6060 16474
437 14029
-5514 12321
-10823 12046
-13330 12188
-11417 11905
-6007 10809
1276 10011
7812 9742
11222 9993
10273 11483
5209 12698
-2514 13030
-10631 11890
-17742 8466
-21566 4161
-21163 330
-15799 -1409
-7025 -689
3135 1952
11744 3606
15893 1936
15401 -3674
10650 -10857
4414 -16439
-726 -17039
-2454 -12231
-21 -3170
5198 6242
11553 12172
16782 13217
19218 10207
18564 4853
14633 -319
8601 -4111
613 -5522
-7679 -4269
-15146 -531
-19861 4857
-20417 10218
-17151 13288
-11207 12145
-3295 6616
4499 -2021
10032 -9693
11370 -12540
8391 -9693
2386 -2021
-4949 6616
-11716 12451
-15754 13432
-16352 9950
-15175 4228
-14373 -1087
-14157 -4179
-15221 -4544
-16194 -2695
-16131 788
-14707 4163
-12943 7349
-11380 9558
-10616 10113
-10973 9726
-11872 7792
-13363 4720
-14955 663
-16644 -3169
-18123 -5210
-18191 -4591
-16113 -517
-11740 5555
-6669 11849
-2013 15924
833 15543
1469 10911
-30 2887
-1501 -6532
-1462 -15098
1642 -20989
6294 -22422
10620 -19146
12697 -11585
10908 -1306
5758 8948
384 15841
-2574 16485
-1321 10816
1926 774
4301 -9733
2435 -16677
-3681 -17927
-11849 -13233
-17800 -5683
-17553 1086
-10665 5378
474 5778
11204 3409
17080 -793
15814 -4827
8662 -8407
-1721 -10544
-11820 -11040
-18901 -9241
-21663 -5348
-20102 -1363
-15027 530
-7700 168
286 -3026
7120 -7393
10921 -11632
11523 -14225
8556 -15154
3932 -15040
-403 -14419
-3178 -14600
-3312 -15403
-1783 -16214
556 -16544
2321 -15495
2601 -14157
1617 -13328
-615 -13707
-3057 -15772
-6045 -17934
-8678 -17700
-10626 -13223
-10981 -3791
-9070 7382
-5273 16075
-480 18179
5098 12589
9975 1388
12585 -9374
11701 -13837
7149 -10320
161 -1451
-6989 8123
-11777 13088
-13561 11642
-12715 4166
-10906 -5213
-9648 -12424
-10514 -14896
-13318 -12809
-16010 -7115
-16334 411
-14121 7818
-9699 14070
-4368 17155
575 16207
4303 10585
7212 1641
9279 -7177
10564 -12729
11958 -12823
13074 -7970
14257 -1649
15136 2472
16379 2660
17067 -473
16995 -3352
15869 -2454
13033 2701
8292 10209
3151 16239
-768 17383
-3591 12395
-5525 3671
-7466 -5686
-9916 -12433
-13477 -13947
-16597 -10969
-17973 -5106
-16443 977
-11246 5966
-2937 9043
5734 10348
12067 10505
15138 9222
15828 6727
15106 3350
14631 -45
14548 -3517
14593 -6045
13780 -8218
11244 -10675
6905 -12468
892 -13654
-5423 -13248
-11134 -11073
-14662 -6736
-16158 -978
-14895 5229
-10966 11133
-5201 14854
1563 16243
7447 14724
10842 10360
11409 4464
9707 -2126
5788 -8640
436 -14141
-5337 -18485
-9762 -20764
-11982 -19154
-11625 -12535
-8292 -2218
-3835 8502
-25 16000
1476 17201
-796 11398
-6055 1555
-11164 -8013
-12752 -12775
-10403 -10578
-4887 -2055
292 8703
2241 17055
-629 20936
-6518 19451
-11797 14887
-13158 9442
-8459 5399
390 2684
10239 1263
17232 416
19933 142
18741 665
15889 984
13447 314
13385 -1676
14389 -5174
14737 -8877
12481 -11851
6981 -12799
-570 -11564
-7771 -9926
-12141 -9209
-13219 -10645
-12194 -12810
-10570 -14071
-10294 -12652
-11431 -8187
-13050 -2316
-14608 1983
-15006 2284
-14343 -2542
-11576 -10219
-7016 -16624
-1170 -17861
5800 -12381
12373 -2602
15554 7421
12847 13525
4832 13212
-6199 7495
-15193 718
-18056 -3015
-12733 -1023
-2266 4808
8325 10991
13634 13972
11142 11346
1630 4905
-9849 -1280
-17839 -3209
-20305 666
-17699 7524
-12930 13295
-9128 13556
-8049 7674
-8946 -1631
-10630 -9989
-11807 -13314
-10880 -9365
-8474 -19
-4558 10428
528 17236
5448 18273
10053 14137
13397 6766
15251 -1133
14701 -7590
11279 -11859
5989 -14116
-407 -14847
-5803 -14585
-9723 -13265
-11259 -11735
-10121 -10900
-7058 -10500
-2780 -10962
2850 -11377
9763 -11210
16378 -9665
20918 -6386
21355 -2631
16800 726
7253 2398
-3853 2358
-13061 1078
-16926 -1052
-13998 -2621
-5640 -4448
4571 -6618
12630 -9899
16210 -13179
15020 -15825
11682 -15831
9273 -12263
8713 -4867
10206 3632
11818 10299
11926 11979
9776 8352
6556 515
2904 -8704
-477 -16497
-2278 -20403
-2972 -20345
-2122 -17685
89 -14681
3066 -11933
6546 -10626
9389 -10412
10625 -10828
10268 -12095
8567 -14178
5262 -15908
915 -16220
-4636 -14782
-9528 -11861
-12446 -9479
-12358 -9590
-8647 -11900
-3047 -15739
1493 -18107
2188 -16399
-1774 -10636
-8377 -2708
-13565 5352
-13789 11216
-7141 13562
4198 11712
14595 6758
19026 87
14528 -6522
3565 -11947
-8143 -14037
-14706 -11354
-13333 -4812
-6451 3482
974 11177
3453 15606
-573 16146
-8929 12336
-16469 6192
-18005 -137
-12371 -4929
-1920 -6564
9271 -4929
16725 -137
18513 6192
15305 12336
8375 16146
-417 15912
-8062 11321
-13319 3214
-14552 -5441
-11436 -11478
-4143 -13744
5079 -11348
13004 -5996
16501 713
14171 6339
6252 9969
-3823 11277
-12412 10167
-17307 7951
-17714 5191
-15790 2556
-14019 452
-13134 -150
-13076 1716
-12843 5532
-11766 10762
-8991 15738
-5609 18663
-2216 18682
724 15318
1841 8887
1914 502
910 -8166
-350 -15323
-2123 -19654
-4619 -19994
-7504 -16779
-10560 -11196
-13099 -3795
-14896 3646
-14515 9306
-11505 11910
-5379 10334
2221 6154
9891 1356
16139 -1376
19280 -1516
19312 837
17181 2789
14270 2113
11527 -2577
8957 -10054
5784 -16270
1040 -17894
-4435 -12934
-9801 -3644
-12769 6405
-11857 12976
-6929 14787
18 13049
6884 10230
11462 9404
12328 10950
10131 14039
5450 16452
-567 16149
-5862 12298
-8992 5486
-10250 -2810
-10376 -10917
-9014 -17173
-6566 -20942
-3399 -20734
145 -16048
2585 -7708
2985 2619
1676 11602
-421 16458
-3574 15860
-6919 11157
-10708 4554
-15071 -1083
-18545 -4002
-20209 -3379
-19188 -1026
-14938 1140
-8571 2045
-1246 1246
6580 -54
14442 -1079
20740 -731
24044 -79
22846 588
16330 915
6131 38
-5009 -882
-13473 -1447
-16552 -744
-12562 755
-3678 2333
7234 2698
16220 1083
21276 -2999
20892 -8066
16519 -11812
10073 -12412
3102 -8322
-2697 -872
-7291 7139
-10273 12491
-12206 14160
-12417 12684
-11746 10275
-10671 9439
-10119 10527
-10716 12658
-11446 13729
-11588 11655
-10157 6440
-6737 -1029
-2643 -8927
1002 -15162
3506 -19131
5542 -20384
7505 -18063
10241 -12031
12976 -3386
14534 5901
14147 12209
11511 12795
6187 7099
-932 -1927
-7556 -10080
-11468 -12838
-12009 -8999
-9678 346
-5159 10645
77 17121
5466 18011
10151 13120
13632 5637
15313 -1198
15857 -5130
15918 -5994
15624 -3940
15092 -66
14847 4922
14905 9924
14100 12800
11258 11683
6705 6856
475 -771
-5922 -8064
-11443 -12363
-14797 -11944
-16056 -7239
-15805 -1578
-15070 1564
-14096 994
-12680 -2885
-11482 -7986
-10738 -11719
-10690 -13576
-10625 -13483
-10786 -12249
-11172 -10495
-11140 -9431
-10410 -8833
-9814 -9198
-10032 -10267
-11093 -12285
-12757 -14500
-13419 -14931
-12243 -12036
-8194 -5499
-3308 3266
621 11584
1770 16579
-976 17685
-6575 15192
-11662 11704
-12953 9842
-9783 10316
-4147 12290
847 14589
2241 15492
-1478 14730
-8836 11575
-15560 6626
-17382 466
-13271 -5885
-4890 -11426
4751 -13996
12059 -11915
15672 -5989
15588 2430
13249 9540
10374 11933
8342 9084
7382 2522
8088 -5288
10682 -11201
14044 -13947
17033 -12259
18062 -7231
15641 -451
10262 6958
2342 12919
-5564 15252
-11523 12349
-13497 4485
-11080 -6195
-5758 -14993
613 -18035
6187 -13140
10209 -2334
11733 8665
10877 14165
6999 11592
1362 2303
-5171 -8170
-10939 -14491
-15372 -13497
-17117 -6956
-16756 323
-14717 3622
-11986 170
-9093 -7618
-5461 -15398
-481 -18610
4841 -15254
9828 -7886
13562 -459
15725 2634
15665 209
14432 -5599
12502 -11191
10351 -12903
9483 -9132
9520 -1670
10421 6560
11527 12574
12459 13730
12600 10399
12976 4533
13900 -1429
15954 -5628
17713 -8282
17142 -9463
12314 -9825
3877 -9614
-5589 -8446
-13343 -5642
-16699 -1203
-14889 5193
-8958 11436
-2424 15781
1171 16806
494 13471
-3734 7667
-9945 1715
-15682 -1999
-19924 -1790
-21103 1070
-19536 3540
-15591 2831
-10149 -2734
-4147 -11340
193 -18144
1350 -18973
-1448 -11939
-7146 -60
-12069 10732
-12917 15065
-8375 9927
-19 -960
8418 -11478
12878 -15400
12305 -9566
7193 2980
1321 15210
-1867 19781
-634 14618
3522 2567
8570 -9479
12194 -15040
12362 -10664
9259 362
4233 12262
-1220 18990
-5200 16762
-7877 7498
-9268 -4424
-9843 -13578
-9878 -17729
-8568 -17559
-5654 -15274
-1266 -13487
4717 -13532
10477 -14118
13688 -14014
12484 -11530
6560 -6942
-1670 -1228
-9132 4906
-12687 10945
-11089 15270
-5789 18016
-236 18219
2024 15402
-497 11058
-7005 5928
-13808 1857
-17128 264
-15806 1233
-10598 4060
-4047 8698
981 14183
3436 19868
3660 23313
2178 22768
-275 16787
-2172 6406
-3312 -5192
-2789 -14210
-528 -16909
3627 -12874
8333 -3453
11667 6537
12015 12328
8279 12019
950 6012
-6955 -2995
-12545 -11983
-14289 -17784
-12782 -18806
-10246 -15850
-8759 -10167
-10102 -3379
-13050 3644
-14918 8887
-13317 11122
-6967 9283
2117 3350
10140 -4439
13299 -11865
10811 -16603
4973 -17716
-589 -16344
-2238 -13682
1467 -11382
8333 -9606
14847 -6862
17038 -1795
13821 4939
5692 11065
-4037 14211
-12306 12711
-16440 6011
-16755 -2877
-14088 -10317
-9742 -12747
-5997 -8625
-3056 87
-1382 10012
-552 17210
-1238 19588
-3324 16955
-6626 12376
-10208 8950
-13956 8323
-15855 10001
-15208 12003
-11145 12301
-4599 9943
2931 6072
10132 1972
15775 -1117
18600 -1873
18392 -1219
16568 62
14656 566
13744 348
14063 78
15072 -207
15749 29
16240 156
15989 474
15557 383
14914 -68
14626 -1575
13881 -3645
12708 -6639
10765 -10215
8406 -14290
6185 -17593
3559 -18621
161 -15995
-3506 -10169
-6529 -2289
-8995 5588
-10532 11695
-11799 14403
-12100 14042
-11895 11983
-11551 9963
-10592 9159
-9041 9713
-8335 10876
-9642 11886
-12440 11798
-14953 10580
-15387 9541
-11950 9888
-5194 11378
3038 12645
9659 12931
11910 11148
8824 7969
1061 4535
-8320 1637
-16514 124
-20468 308
-20161 2597
-16134 6242
-9999 10173
-3266 14045
2493 16832
7031 16623
9850 12035
11239 3806
10179 -5600
6650 -13347
1102 -16487
-6117 -14731
-12663 -8958
-16705 -2583
-16907 1392
-12464 701
-5934 -4102
-90 -10763
1808 -16712
-744 -19524
-6670 -18382
-11989 -14550
-12821 -9350
-8440 -4544
-28 145
8257 4752
12568 9212
11076 14034
4622 17117
-4062 17071
-11675 12913
-16431 4558
-18017 -5254
-16040 -12453
-11235 -13297
-4102 -7349
3593 2141
9648 10610
12062 13695
10268 8902
5163 -1865
57 -12903
-1695 -18288
566 -15874
6044 -6546
11167 4862
12628 13150
9161 16360
1572 15313
-6689 12195
-12106 9405
-13301 9080
-10779 10644
-5649 13343
173 16143
5679 17394
10140 17100
12324 14779
11801 10709
8227 4866
3143 -2546
-977 -9857
-1521 -15803
1631 -18834
7428 -18257
12232 -14960
13107 -10112
8270 -4903
-717 490
-9359 5549
-13356 9824
-10739 13526
-2875 16236
6437 16172
13168 12652
15108 5190
13405 -3501
10422 -10494
9167 -12766
10378 -9896
13361 -4309
16038 799
16473 1733
13828 -1856
9268 -8825
4013 -15106
-675 -16770
-3166 -12845
-3730 -3880
-2367 6855
323 15780
3481 21263
6833 22592
9415 19257
10678 11384
10185 1315
8299 -8900
4860 -15741
522 -16876
-4615 -11343
-8758 -1575
-11260 8000
-11106 12843
-9017 10757
-5622 2121
-2138 -8817
4 -17552
1054 -21515
1056 -20222
594 -16537
7 -13371
504 -12375
2744 -12714
6344 -13112
10535 -11888
14952 -8955
18254 -5504
18991 -2173
16353 271
9592 1419
-201 1812
-10011 1356
-16634 250
-19307 -962
-18412 -2255
-15942 -2351
-14057 -301
-13778 3162
-14497 6657
-14454 9494
-11925 10506
-6435 10171
1544 7982
9745 4618
15941 446
19354 -3169
20364 -5210
18901 -4591
15263 -607
10893 5513
6011 11927
2041 16108
-573 16012
-788 11029
-15 2333
924 -7576
711 -15583
-1288 -20511
-5174 -20953
-9265 -17471
-11943 -10747
-12595 -2972
-11151 4278
-9626 9362
-9605 11472
-11723 9722
-14433 5441
-16446 974
-15951 -1135
-13176 381
-8656 5660
-3743 12049
35 16641
2461 18611
3255 17534
2529 15477
569 14511
-1869 14706
-4071 15314
-4224 15738
-992 15081
4960 13424
11436 10913
16014 6899
16594 935
12052 -5817
3292 -11709
-6029 -14412
-12610 -11972
-13884 -5171
-10277 4450
-4105 12817
1544 16345
5377 13952
7212 7066
8206 -2264
9379 -10957
11593 -17382
13842 -19467
14465 -17286
12110 -11657
6479 -3139
-503 5789
-7202 12002
-11802 13061
-13351 7627
-12782 -2206
-11183 -11169
-10025 -14503
-10101 -9571
-11140 1502
-12044 11971
-11851 15576
-9631 9351
-5597 -3836
-1502 -16227
823 -20429
1378 -13512
905 569
52 14300
-184 20304
45 14809
161 1450
116 -12613
-18 -19863
-1088 -16715
-3534 -5857
-6925 6764
-10594 14922
-14264 14812
-17307 8551
-18207 766
-16193 -3228
-10617 -1449
-2669 4161
5590 10246
12194 13402
15342 11431
15449 6366
14216 907
13323 -1914
14430 -540
16434 3575
16856 8596
13326 12546
5571 13354
-4440 12065
-12125 10091
-13366 9248
-7845 10301
1279 12430
9654 13727
12714 12691
9088 8351
631 2817
-9230 -1428
-16321 -2111
-18846 2015
-15711 9078
-8668 15482
0 17516
8667 14262
15710 7695
18845 1106
16843 -1809
9474 -274
-1090 4907
-10162 10189
-13753 12336
-9544 9720
468 3500
10446 -4418
14806 -11359
10632 -16059
-190 -17594
-10975 -15833
-15073 -10890
-10425 -4343
301 3024
10728 8861
14698 11186
9647 10251
-1218 6814
-12477 2689
-18165 -439
-15964 -907
-7524 1783
3446 6356
12961 11226
17482 15015
17367 16252
13967 14789
9274 10912
5620 4689
3073 -3170
1714 -10678
1451 -15995
1307 -18113
2315 -16712
4894 -13391
9565 -10081
15203 -7331
19385 -5287
20314 -3273
16831 -801
8631 2690
-1319 6898
-9547 10270
-12286 11617
-8997 10379
-516 7452
9346 3507
16496 -480
19504 -3682
18297 -6547
14549 -8775
10144 -10325
7113 -11697
6544 -12971
8044 -13181
11308 -11678
14497 -8464
17230 -4404
17833 -882
15559 693
9832 449
1212 -503
-8090 -1172
-15568 -258
-20177 2055
-20440 5353
-17008 8613
-11004 10585
-3212 11221
5218 9638
12216 6060
16202 437
16478 -5514
14325 -10823
11365 -13330
9333 -11723
9842 -6151
12558 1544
14528 8441
13029 11472
7279 10039
-1642 4499
-9669 -3301
-13592 -11092
-11306 -17099
-5287 -19765
703 -19105
2493 -15749
-1133 -10141
-7983 -4036
-14678 386
-17536 1485
-15137 -1976
-8510 -8778
-1574 -15220
2005 -17392
424 -14609
-4917 -7775
-11587 -903
-16492 2475
-18349 443
-17431 -5680
-14401 -11595
-10225 -13049
-6401 -8670
-3377 -276
-1328 9323
-241 17131
200 20490
-287 19745
-642 16776
-355 13630
1510 12402
4671 12318
8319 12685
11155 12514
13078 10834
13160 8579
12140 7477
10285 9195
8507 13264
6234 17475
3570 19378
609 17089
-3088 9692
-6926 53
-10055 -8554
-11894 -12391
-11692 -10550
-10259 -3418
-9046 5396
-9415 12076
-11755 15242
-14354 15220
-15252 13068
-12502 10720
-5921 8490
2971 7604
10320 8102
12582 9889
9135 12924
1518 16280
-6783 17061
-12059 13239
-12887 4203
-9951 -7591
-4775 -16788
260 -18413
4140 -11652
5424 1004
4140 13095
693 18837
-4572 15049
-10330 4553
-13776 -7172
-12846 -14281
-6656 -13171
2901 -4708
11138 6132
13931 14334
9242 16435
-882 13837
-10651 9746
-14193 7809
-9998 9679
-268 13204
9512 15433
13725 13633
10638 6467
2048 -2972
-7382 -10867
-13261 -13409
-12282 -9174
-5726 -638
3697 8228
12769 13234
18097 12334
19561 7238
17683 1186
14067 -1915
9324 -913
3456 3834
-3136 9228
-10002 12061
-16220 11590
-19871 8577
-19936 4165
-15698 35
-8196 -3166
598 -5020
9015 -4492
15372 -1412
18498 4328
18585 10977
15780 14949
11284 13511
5736 5562
1337 -5979
-1040 -15789
-640 -18444
2539 -12989
6842 -1609
10582 9397
12072 14340
10109 10218
5139 -552
194 -12161
-2084 -18342
-52 -16559
5596 -7878
11183 3533
13543 13313
10674 18101
4715 18483
-952 16202
-2434 13669
783 12505
6970 12124
12252 12146
13377 11815
8296 10809
-430 10011
-8944 9742
-13121 10605
-10983 11771
-3633 12162
5549 11772
13187 10562
16318 8545
15928 6306
14029 3607
13193 892
14602 -2277
17319 -4188
18965 -4084
17596 -932
12144 4388
5038 10817
-707 15597
-1948 16831
1746 13347
8227 7249
14375 1268
16712 -1573
14577 83
9365 5797
3361 12485
-1109 17057
-1909 17861
1337 15410
6605 11812
11753 9660
14959 9284
16062 10346
14503 11480
10731 11658
4749 9690
-2490 6671
-9748 3045
-15834 -492
-19281 -2643
-19313 -3117
-17182 -1967
-13965 457
-11384 3543
-9226 7506
-6414 11482
-2030 15163
4320 17281
11157 17715
15074 15664
13660 10904
6068 4583
-4182 -1709
-12362 -7040
-13753 -10302
-7344 -11504
3560 -10303
13852 -6663
18204 -644
14504 5885
4173 11246
-7074 13537
-13347 11635
-12574 5705
-5571 -1735
4084 -8340
12133 -11562
16748 -10184
17717 -4232
15421 3929
11125 11431
5630 16907
188 18975
-2827 18132
-1820 15340
3739 10910
12047 5933
18309 1642
18497 -981
10825 -1033
-2211 1003
-14245 2716
-18889 1844
-14565 -2256
-3316 -8471
8367 -13178
14593 -13185
11741 -7691
2446 1563
-8083 9937
-14085 12972
-12583 9649
-4690 2099
5501 -6433
13527 -12596
16803 -13603
16464 -9970
14514 -4015
13227 1191
14410 4230
16531 4513
17994 2610
17188 -820
12915 -4418
6937 -8321
1321 -11950
-1750 -14661
-1406 -16987
721 -17993
2501 -17691
1937 -16265
-2275 -13427
-8048 -10675
-12579 -9029
-12922 -9824
-8217 -12227
423 -14875
8796 -15458
12934 -12345
11676 -4832
6925 4954
1465 13414
-1345 16830
-532 14325
3332 6286
8125 -3730
11585 -12544
12324 -17070
10140 -17948
5679 -16265
173 -14246
-5649 -12634
-10779 -12222
-13301 -12117
-12106 -11874
-6689 -10731
1572 -9755
9161 -9412
12845 -10492
11269 -12312
5855 -13813
121 -14867
-2521 -15451
-83 -14867
6234 -13813
12159 -12312
13414 -11014
8931 -9658
379 -9298
-8247 -9658
-13062 -11014
-12287 -12312
-7618 -13813
-1921 -14867
1387 -15018
1057 -14664
-2193 -14192
-6985 -13202
-11458 -11278
-14309 -9284
-15046 -8372
-13763 -8729
-11065 -10308
-7151 -13092
-2695 -16264
501 -17809
997 -15897
-1497 -10744
-6289 -3550
-10701 4309
-12325 10810
-10193 15695
-5408 17766
-597 17605
1564 16035
13 13141
-4716 9807
-9738 8008
-12062 9172
-11083 13389
-7697 18201
-3267 20566
314 17790
2575 8917
3188 -3823
2348 -14694
195 -18297
-2001 -13314
-3784 -1665
-3651 10751
-978 18468
4509 18037
11045 11576
15945 3079
16904 -2426
12515 -2926
3740 1571
-5889 7859
-12832 12421
-15176 14174
-13541 13847
-10490 12232
-8831 10764
-9831 9491
-12495 8296
-14262 8165
-12708 10019
-7140 12725
871 15633
8321 16090
12717 12290
11955 4255
7797 -5732
2369 -13926
-1640 -16563
-2609 -13098
-1356 -4188
660 6737
1238 16217
468 21777
-1441 23124
-2440 20516
-1341 15226
2961 8736
8627 3179
13775 -213
16571 -605
15306 2553
10949 8372
4809 14017
-1501 16716
-5917 15184
-8568 9545
-10635 2872
-13264 -2014
-17263 -3172
-21075 -838
-22015 1897
-18153 2193
-8733 -1222
3081 -6451
12223 -11137
13958 -12492
7417 -10163
-3799 -5363
-14257 -733
-18119 1300
-13903 -368
-3702 -4214
7161 -8635
13457 -11802
12027 -11919
3378 -9070
-8020 -4336
-17260 569
-21707 4995
-21351 8255
-16917 10156
-9768 10629
-2308 9750
4932 7184
10870 3651
14588 -174
16672 -3682
16341 -6547
14369 -8775
11689 -10758
8574 -11900
6701 -12592
6866 -12291
9820 -10675
14582 -8490
18691 -5976
20019 -3329
16854 -400
8626 1896
-2738 3473
-12790 3225
-17190 910
-14785 -3555
-6208 -8568
4330 -11977
12975 -11929
16418 -7733
15443 -951
12054 6408
8851 11718
8010 14250
9731 13662
11981 11691
13036 10240
11491 9693
9130 10068
7652 10699
9034 11107
13034 10283
17267 8119
19309 4644
16640 130
9631 -4686
589 -9206
-7522 -11791
-11748 -11629
-10805 -7829
-4898 -1062
3424 6303
11408 11658
16746 14262
18682 14404
16610 12703
11182 10079
2914 7723
-5771 6015
-12842 3979
-16422 1055
-15196 -3465
-9597 -8769
-2822 -13505
1681 -16190
2831 -16790
758 -16219
-1700 -15237
-1629 -14497
1340 -14874
6519 -15193
10933 -14516
11875 -11926
8831 -6666
2980 661
-4207 7698
-10716 12083
-15494 13399
-18017 12260
-16978 10455
-11762 9491
-3753 10708
4856 12547
11003 13587
12402 11848
7923 7379
-380 379
-8610 -6694
-12756 -11496
-10877 -13716
-3474 -13931
5755 -12712
12588 -10931
15653 -9421
14621 -8331
11837 -8486
9271 -10140
8976 -12937
10050 -15113
11460 -15202
11605 -11613
10170 -4898
7587 3930
4004 11866
52 16078
-4354 16008
-9148 11737
-13302 5510
-15757 -628
-16790 -4342
-16219 -5426
-15237 -3699
-14497 -106
-14874 4858
-15193 9233
-14516 11799
-11493 11549
-6462 7650
282 682
6809 -6811
11296 -12455
13526 -14391
13643 -12592
12458 -9801
11057 -8456
9732 -10207
8505 -13663
8413 -15735
9585 -13505
12611 -6302
15313 3473
15943 11423
12664 13275
5385 8503
-4139 -235
-11635 -8741
-13078 -12806
-8260 -10441
992 -3312
9628 5480
13399 12220
9518 14647
252 12038
-10346 6155
-17882 -889
-18938 -7229
-13584 -12240
-5177 -15013
2838 -15209
7336 -13015
9162 -8646
10181 -3679
12851 587
17266 2687
21264 2210
22114 491
17870 -978
7793 -1353
-4489 -287
-14457 911
-17841 1428
-12935 183
-2466 -1832
9350 -2916
17933 -1340
20119 2765
16783 7524
11458 11196
8395 12209
8955 9556
12929 4648
16811 100
17742 -1286
13939 1073
7612 6366
1410 12285
-2014 16646
-712 17611
3619 15625
8902 12342
12348 9474
13015 8696
11928 9743
10291 11370
9990 12174
10697 11419
12245 10096
12865 9155
11118 9425
7088 11516
1859 14085
-4175 15004
-9912 12457
-15139 6001
-18352 -2021
-17884 -9077
-12912 -12456
-3351 -11222
8201 -6235
16829 -856
18691 1776
11803 125
-96 -4404
-11033 -9471
-14645 -12545
-9146 -11774
3076 -7429
14888 -2091
19444 1390
14053 2379
1100 1597
-12272 115
-19335 -577
-16173 -400
-5192 -28
8369 218
18348 -324
21760 -1334
19518 -3076
14130 -5852
9073 -9645
5778 -14417
3850 -18976
2490 -20624
703 -17650
-2018 -9236
-4799 1831
-7726 10947
-10405 13599
-12915 8898
-15071 -722
-15179 -9995
-12066 -14095
-5891 -10139
2333 -454
9344 9527
12711 13938
10878 10755
5855 1043
512 -10207
-2171 -17842
-164 -19752
5284 -17267
10916 -12833
12981 -9407
10873 -8736
5362 -10270
20 -13096
-1791 -16058
588 -17445
5379 -17242
10019 -14962
11650 -10483
9448 -4956
4162 1285
-3112 6831
-10515 10388
-17005 11948
-20997 10491
-21112 6560
-16778 516
-8192 -5844
2444 -11325
10827 -13722
12953 -11799
8438 -5680
-546 2020
-9294 8754
-12958 12012
-10164 10040
-1956 3283
7151 -5263
12900 -12545
12423 -15981
5882 -15115
-3556 -12007
-12084 -8973
-17836 -7291
-20384 -6547
-19357 -5167
-15415 -1959
-8901 3758
-742 9707
6855 13440
11674 12498
13383 6929
12089 -1005
10084 -8374
9545 -11970
11277 -11253
14783 -7507
17394 -2754
16417 614
11820 1249
4018 -1405
-4484 -6014
-11233 -11267
-15261 -15181
-16729 -16755
-15329 -15347
-11245 -11087
-6113 -4164
-1025 4309
1794 11818
1247 16121
-3510 16128
-10063 11806
-15562 5307
-16719 -1244
-12842 -5673
-4336 -7808
5248 -8638
12150 -9521
15359 -11002
14621 -12997
12131 -13813
10231 -12447
9728 -8224
10455 -3153
12351 747
14618 1520
17276 -1497
18941 -6289
17855 -10701
12790 -12109
3533 -10091
-7878 -5597
-16559 -1042
-18558 954
-12263 -25
-363 -3835
10663 -8292
14949 -11192
9435 -11779
-2490 -10141
-14435 -6226
-19619 -261
-15238 5958
-3267 11012
9151 13227
14948 11722
11620 6252
1907 -1735
-8596 -8887
-14386 -12172
-11863 -10120
-3423 -3541
6701 4931
13823 11997
14599 16317
10191 17144
3364 15990
-2154 14430
-5121 13382
-6436 12859
-7375 12312
-9418 10907
-12919 9086
-16236 7126
-17800 4473
-16499 747
-11168 -3836
-3471 -8758
4875 -12040
11574 -12376
15702 -9121
17373 -3534
16833 1108
15180 1980
12261 -2006
8537 -8577
4258 -14771
-217 -17607
-4361 -15017
-8349 -8120
-11817 -933
-14572 2840
-16796 912
-18255 -5125
-17149 -11354
-12318 -13491
-4121 -10600
5804 -4701
13866 738
17455 2241
14741 -1369
8281 -8281
1368 -14742
-1936 -17150
-595 -13723
4432 -6073
9970 3491
12501 12194
11240 17441
6481 18853
1392 17322
-1559 14279
-174 10966
4414 7409
10613 3961
16481 491
19703 -2092
20409 -3273
18446 -2613
14293 17
9208 3583
3482 6643
-2842 8971
-9392 10502
-16031 10351
-20588 8801
-21368 5416
-16883 262
-8203 -5345
2084 -9519
10107 -11512
12832 -10970
8626 -7406
301 -1642
-8324 5016
-13118 11234
-11394 15124
-3571 16065
6173 14187
13450 10581
15918 5305
13740 -268
10164 -5791
8059 -10616
9656 -13996
12859 -15277
15019 -14154
13622 -10828
7008 -5787
-2197 -257
-10325 5376
-13373 10554
-10744 14561
-4766 17213
818 17662
2003 15733
-1830 11762
-8538 7193
-14691 2884
-16752 -544
-13192 -1728
-4450 -1441
6413 -244
16408 963
22511 983
24234 -380
21418 -1669
14667 -1534
6294 268
-2609 3013
-10115 4175
-14886 2159
-16126 -4086
-13681 -11627
-8087 -17233
-359 -17418
7326 -11696
12436 -2003
13878 7556
11338 13190
4705 12586
-3535 7238
-11277 934
-16043 -1997
-16501 -301
-12231 5309
-5515 12011
1330 17039
6117 18267
7997 16180
8535 12613
9520 9835
11103 8655
12807 8605
13367 9593
11620 10884
8083 12510
4222 14459
1143 15838
-168 16272
779 14755
3073 12064
6555 9710
10281 9050
13843 10903
15995 14383
15551 16133
12017 13619
5102 5684
-2902 -4514
-9586 -12526
-12762 -13993
-10858 -7703
-5086 3905
672 14648
2466 19033
-657 14098
-7023 3103
-12584 -8418
-13430 -14090
-8328 -11920
1017 -3048
9718 7227
13519 13915
9864 13830
872 8692
-9702 1980
-17777 -2102
-20217 -1868
-17906 1857
-13073 7242
-8469 11826
-6301 14683
-5978 16194
-5367 16300
-2587 15563
3407 13896
10112 11530
14415 9788
13138 9733
6481 11423
-2679 14097
-10374 15172
-12896 12865
-8850 6034
-789 -3143
7686 -10821
12521 -12996
11629 -9188
5112 -698
-3969 8056
-12258 13308
-17454 12324
-18976 7189
-17587 1085
-14299 -1957
-10771 -591
-7005 5013
-3534 11850
-895 16986
1503 18776
2668 18036
2502 16034
1236 14378
-1507 14036
-3866 14443
-4380 15226
-1712 16032
4126 15564
10572 14383
14527 12492
13367 10293
5895 8072
-5649 5834
-15547 3389
-18309 658
-12730 -2190
-1122 -3712
11018 -3386
18176 -359
17748 4156
11196 9682
2923 14039
-2572 15524
-2187 14004
3369 10505
11053 5602
17369 123
20082 -4072
19608 -5604
17045 -4237
13758 25
11289 5657
8689 11168
5537 14832
996 15543
-4354 12257
-8851 5614
-11526 -2855
-11514 -10800
-8913 -17278
-4887 -20262
-1199 -19640
354 -15357
-573 -8727
-3153 -1025
-6905 6093
-10975 10941
-13966 13326
-14667 13394
-13420 12129
-10978 10768
-7256 10098
-3308 11120
-316 13109
377 15119
-1035 17010
-4554 17412
-8528 15782
-11257 11774
-12484 5216
-12267 -2970
-11381 -9766
-11000 -12614
-10769 -10744
-11452 -5257
-12775 172
-14352 2180
-16430 -649
-18202 -6313
-17527 -11571
-12522 -12933
-4110 -9098
5387 -882
12136 7689
13096 12671
7114 12710
-3550 8946
-13549 3506
-17662 -1300
-14005 -3310
-4343 -3025
7550 -1210
17427 1002
22152 2073
21195 1831
17310 658
13255 -660
11516 -2264
11555 -4593
12346 -7425
12659 -10719
11262 -13427
9416 -14424
8322 -13496
8871 -10626
11952 -6163
15142 -692
16216 5097
12807 10235
5099 14428
-4028 16633
-11148 15912
-12901 11498
-8468 4744
569 -2757
9255 -8779
13082 -11852
9873 -10567
1374 -6566
-8990 -1847
-17434 1099
-20768 869
-18708 -2792
-13788 -7857
-9089 -11932
-5942 -14376
-4054 -14745
-2750 -14412
-1342 -14710
950 -15552
2751 -16153
3075 -16168
797 -15443
-3588 -13188
-8622 -9962
-13083 -5569
-15471 -294
-15920 5158
-15203 9677
-13455 12008
-11033 11034
-8988 7352
-8264 1310
-8852 -5299
-10591 -10636
-12843 -14233
-14519 -15996
-14329 -15164
-11533 -11537
-5507 -6300
2556 -1594
10571 1193
16297 529
18557 -2792
16901 -7417
13288 -10998
9431 -11617
7126 -7924
5665 -332
4161 8607
1154 15936
-3022 20290
-7903 20372
-11384 16826
-12181 10845
-9429 3181
-4984 -5122
-781 -12089
1126 -16456
-351 -16808
-3955 -14137
-8393 -10695
-12025 -8778
-13313 -9975
-12144 -13459
-10276 -15761
-9196 -13451
-10174 -6371
-12334 3755
-13758 11839
-12418 13422
-8329 7727
-3264 -2334
651 -12202
1387 -17598
-1514 -15384
-6547 -7379
-10943 3315
-12102 12911
-8798 17918
-2334 17529
5343 13692
11761 9123
15386 4716
15493 301
13286 -4413
9892 -9931
6979 -15224
4403 -18558
2365 -18875
659 -15916
-761 -9164
-1642 -681
-1630 8173
-610 15936
1146 20328
2333 21348
2307 19070
300 14331
-3121 8708
-6737 3169
-9679 -2721
-11282 -9251
-10433 -15748
-7161 -20890
-2947 -21955
683 -17605
2642 -7446
2684 4640
1316 14416
-674 17492
-2742 13052
-4839 3710
-7259 -6458
-10211 -13219
-13421 -13627
-16074 -8235
-17137 -1357
-15691 2786
-12217 1393
-7886 -5028
-3496 -12757
327 -18026
2236 -18834
2322 -16732
1142 -13990
-92 -13157
-1327 -15216
-1910 -18106
-1548 -19512
-110 -16809
2458 -10130
5392 -1447
8467 6700
10793 11765
12887 12558
13941 9594
14633 4589
15571 -444
16012 -3764
15976 -5132
15466 -3854
14396 51
13254 5372
11386 10297
7760 13935
1908 15291
-6453 14079
-14879 10029
-19764 4743
-18333 -199
-9499 -3620
3787 -4422
15242 -2977
18949 323
13262 4091
1734 7524
-9609 9870
-14144 10635
-10117 9659
852 7160
12362 3719
18509 -38
15790 -2835
5697 -3474
-7172 -2288
-17909 49
-22568 3409
-21522 6925
-16203 9732
-8909 10802
-2247 10204
3835 7876
9120 4261
13634 259
17683 -4089
19561 -7618
18097 -10119
12246 -11285
3451 -11145
-5269 -10259
-11208 -9592
-11789 -10025
-7290 -11692
-79 -13663
7147 -14251
11409 -11630
11090 -6367
5822 871
-2409 7548
-11151 11243
-18288 11757
-21566 9311
-20617 5043
-15802 273
-7377 -3623
2980 -5902
12001 -5202
16745 -1345
15954 5776
10257 13266
3096 18081
-1974 17005
-3168 10142
-789 -900
2004 -11507
2338 -17610
-1494 -16849
-8471 -10316
-14960 -2416
-17856 2571
-15129 1678
-8914 -4251
-2050 -11954
2462 -17936
2478 -19595
-123 -17588
-2755 -14459
-2238 -12672
1912 -13928
8091 -16118
12834 -16764
13007 -13059
7754 -5241
-872 3866
-8937 10910
-12496 12521
-10282 8405
-3853 457
4474 -7578
11974 -11879
16108 -10962
16497 -5726
14008 2378
10321 11208
6212 18208
2694 21309
436 20285
-255 15164
1249 7670
4835 -873
8900 -7834
11807 -10819
12702 -9745
11452 -4500
9820 3006
9148 10654
10657 16592
13551 18902
15082 17139
12707 11263
6318 2942
-1929 -5192
-9149 -10747
-12514 -11907
-11041 -7490
-6168 1416
-970 10887
1191 17024
-496 17659
-5095 12713
-10935 5121
-16094 -1616
-18673 -6114
-17934 -7808
-14799 -8436
-10709 -9587
-6125 -11941
-1791 -14405
816 -16046
952 -15897
-2270 -13538
-8089 -9795
-13864 -5049
-17275 -190
-16585 4500
-12930 8824
-9183 11440
-8342 11876
-11289 9334
-16766 4988
-20334 751
-18039 -1693
-9403 -936
2495 1435
13018 3269
17871 2364
14710 -2369
5459 -9516
-5403 -14638
-12891 -13703
-14651 -6275
-11445 4934
-5186 14687
1530 18377
6337 13605
8484 3292
9174 -7582
9636 -13959
10642 -12353
11373 -4154
11738 6241
11679 13685
10613 16020
9810 13851
9520 10263
9938 8667
11619 9898
13214 12390
13719 13873
12240 11961
8087 6440
2694 -1029
-1439 -8927
-1741 -15252
1742 -19173
7740 -20306
12499 -17879
12625 -11652
7580 -3310
-449 5425
-8183 11349
-12406 12384
-10994 7508
-4355 -666
4464 -8636
12194 -12288
16468 -10549
17135 -3663
14593 5083
9842 12465
4550 15989
-692 15142
-5616 12179
-10016 9123
-13560 8296
-15115 9130
-14429 10847
-11285 12424
-6835 12590
-2762 12314
-121 12403
467 13543
-1712 16244
-5285 18405
-9041 17917
-11153 13150
-11206 3560
-8568 -7591
-4326 -16145
566 -17891
4736 -12304
7428 -1500
9127 8886
10065 13443
11169 10425
11831 2063
12038 -7307
11856 -12901
10591 -12309
9040 -5522
8334 3929
9731 12357
12481 17161
14874 18095
15202 15450
11786 10535
5219 4164
-2752 -2902
-9245 -8648
-11676 -11190
-9069 -10715
-1821 -7264
7431 -2830
15919 966
21389 2343
23218 1212
20998 -601
15137 -1409
7309 281
-492 4432
-6937 9094
-10763 12713
-11459 13556
-8851 12903
-4421 12272
461 13370
3663 16638
4104 20032
2337 21069
-463 17680
-4013 9126
-6908 -1888
-9174 -10831
-10478 -13839
-10551 -8725
-8446 1948
-4705 12875
-154 18445
5090 16608
9716 9448
13352 1349
15517 -3205
15969 -1461
14880 5353
12800 12129
10430 14361
8229 9089
6167 -1038
3780 -11802
368 -18730
-3403 -18985
-7401 -14606
-10281 -9421
-11182 -7251
-9917 -10588
-7005 -16532
-3368 -20798
40 -19294
2287 -10004
3473 3741
2834 15610
37 19621
-3720 13620
-7161 1388
-9660 -10405
-10853 -14846
-9973 -9651
-7336 1812
-3647 13446
285 19022
3014 15173
3540 3579
2173 -9729
-329 -18404
-3887 -19546
-7886 -14406
-11826 -5980
-14908 2177
-17015 7040
-17404 9164
-15554 9461
-11558 9274
-5250 10126
1639 11276
7788 12156
11437 12019
12728 10632
12071 9386
10784 8921
9870 9891
10640 12247
12339 14164
13357 14415
11687 11758
7554 6065
929 -1330
-6037 -8076
-11370 -11673
-14606 -11710
-16171 -8256
-16290 -3443
-15731 906
-14607 2864
-13250 2835
-12870 1311
-14422 -354
-17273 -1871
-19679 -2211
-19928 -1548
-16462 395
-9303 2636
150 5518
8368 8353
12015 10468
10382 12197
3900 12809
-4465 12517
-11960 11608
-15895 9860
-16517 8170
-14180 7733
-9943 9517
-5783 13377
-3074 17646
-1553 19652
-695 17123
-1054 9711
-3245 -371
-6668 -9153
-10387 -13087
-13998 -10227
-15777 -1899
-15024 7427
-11505 13512
-4871 13377
3102 8475
10791 1909
15967 -2560
18444 -3120
17938 -268
16112 2634
14742 2741
14049 -1616
13835 -7877
13147 -12851
10775 -13282
7235 -8033
2127 502
-3838 8754
-10364 13277
-16003 11879
-20005 6546
-20505 576
-16476 -2653
-8603 -651
1362 5173
9411 11202
12543 13450
8860 10889
560 4997
-9318 -579
-17185 -2622
-20187 655
-18003 6803
-13201 12210
-8955 12959
-6321 8010
-5521 -770
-4520 -10238
-1674 -16645
3381 -18952
8540 -17413
11968 -13841
12134 -10034
7970 -7987
1218 -7572
-6162 -8788
-11585 -10984
-14290 -13288
-14692 -14708
-13119 -14227
-10225 -11100
-7438 -5405
-5335 2366
-3276 10126
-715 15598
2526 18476
6074 17860
9239 14918
11448 11076
12474 6692
13171 2398
13839 -471
14669 -1290
16301 540
17601 3093
17854 4289
16146 1663
12368 -4310
6937 -12117
1868 -17656
-924 -17679
-1368 -10868
-160 853
1055 12094
761 18173
-1724 15831
-5335 7010
-8991 -4352
-11053 -13293
-11343 -17530
-9026 -17212
-5018 -14846
-304 -13016
4678 -13516
9448 -15275
12260 -15804
12194 -12624
8672 -5610
3332 3091
-1079 11215
-1648 16455
1673 17679
7349 16166
12048 13121
12639 10555
8152 8951
-162 8360
-8315 8985
-12871 10529
-11217 12607
-4343 13787
4762 13613
12636 11792
16918 7765
17808 2470
16272 -1468
13929 -1446
11706 2287
9404 8907
6118 14823
959 16802
-5326 14171
-11047 8606
-14889 2636
-16106 -945
-13698 -733
-9163 3465
-3821 9697
847 16070
3002 20208
2985 21673
1259 19888
-996 15453
-3093 8435
-4433 356
-6285 -6904
-9176 -11449
-13682 -12339
-18095 -9202
-19951 -4045
-17246 1352
-9655 4813
18 6419
8590 7389
12584 9447
11318 12426
6234 16092
758 18086
-1996 16797
318 11992
6483 5986
13307 919
17279 -740
16590 1165
11339 5529
4286 10919
-1788 15848
-5215 18240
-6926 17761
-7928 14844
-9893 10509
-12594 5822
-15018 2266
-16316 269
-15474 449
-12936 2181
-9132 5894
-4768 10486
-690 15236
2824 18638
5369 19979
5246 18865
1532 15795
-5265 10604
-12839 5339
-17797 1137
-16999 -647
-10525 460
-960 4271
7954 8754
12614 11720
10873 12650
3378 11782
-5847 10447
-12672 9747
-14555 10886
-11445 13740
-5283 16216
1617 16768
6924 13921
10297 9051
12383 3395
14337 -1309
15796 -4150
15805 -5543
14275 -6863
11440 -9630
7242 -13586
3293 -17117
466 -18541
-612 -16547
975 -10540
4174 -1730
8141 6762
11267 12132
13440 12780
14432 9774
14727 4485
14593 -975
14803 -5098
15363 -7525
14732 -8865
11835 -10292
6366 -11313
-287 -12246
-6808 -12251
-11908 -11251
-14305 -8720
-14527 -5884
-13958 -2854
-14090 241
-15650 2055
-17491 2770
-18305 1925
-16317 -315
-12144 -3517
-6255 -7220
-1255 -11068
1233 -14713
-282 -17425
-4225 -18664
-8797 -16998
-11585 -11585
-11655 -3454
-9248 5191
-4867 12276
370 16189
5641 15395
9727 10803
12877 4511
14880 -1198
16408 -4004
16720 -3678
16339 -1324
15801 1388
14529 3536
12903 4622
11299 6182
10066 9571
9290 13969
7933 17558
5388 18692
1262 15917
-4662 9732
-10638 2126
-14056 -5315
-12860 -10590
-6252 -13050
4095 -12106
13540 -7821
17644 -840
15361 7407
8913 14669
1816 18386
-1819 16954
-856 9769
4118 -190
9609 -9093
12584 -12954
10553 -10174
4181 -1709
-4262 7716
-11754 13429
-16993 13194
-19485 7714
-18837 1111
-15573 -2510
-9632 -1199
-1612 3945
6253 9715
11766 13066
14423 11773
14593 7428
13905 2090
13893 -1913
15655 -2626
18522 -1140
19792 958
17116 2048
9947 491
-491 -2100
-10595 -3710
-16920 -1993
-18403 2910
-16424 9166
-12810 13440
-9537 12902
-8775 6881
-9750 -1899
-11359 -9681
-11626 -12694
-10484 -9318
-7273 -873
-3286 9154
756 16734
3701 20076
6342 18975
8548 14963
10748 9821
12640 5583
13673 2763
14395 1221
15059 849
15877 388
16272 207
16268 -90
15409 -419
14314 -1421
12723 -3694
11397 -6904
10405 -10571
10532 -14015
11247 -15561
11784 -14727
11125 -10874
9267 -4931
6657 2601
3389 9889
214 15424
-3430 18239
-6514 18094
-9208 15392
-11248 11303
-12630 6193
-12953 1545
-13311 -1198
-14589 -750
-16273 2483
-17023 6861
-15759 10594
-11326 12003
-4519 9928
3807 5072
11211 307
15926 -1373
16387 628
12903 6176
6736 12387
-341 16340
-6503 17365
-10890 16083
-12409 13416
-11041 10423
-6483 8542
-475 8073
5941 8953
10899 10807
14104 12842
14612 14518
13160 14328
10926 11316
7725 5404
4798 -2367
2017 -10127
-614 -15689
-2449 -18520
-3930 -17783
-5963 -14735
-9670 -10824
-14309 -6677
-18854 -2764
-20456 -129
-17328 675
-8742 -372
3049 -1860
13282 -2543
17481 -1271
14313 2689
5731 8333
-4644 12604
-12472 12542
-15929 7930
-15143 -313
-12241 -8310
-9730 -12975
-9025 -11986
-10664 -7161
-13356 -1394
-16076 2159
-17215 1171
-17034 -3550
-14893 -9291
-10466 -13046
-5098 -13348
1128 -11073
6689 -8730
10532 -9041
12076 -12012
10588 -15806
6530 -18061
574 -16305
-5923 -10692
-11582 -2897
-14053 5066
-11913 10729
-5140 13478
3671 12660
11849 8317
16684 803
16260 -7780
10979 -15526
3886 -19244
-1941 -16651
-4070 -8319
-2401 2668
548 12324
1937 16470
1105 13957
-1166 5112
-2711 -6297
-1640 -15991
2470 -21991
7608 -22623
11510 -18562
11712 -11064
8097 -1897
2099 6645
-4880 11989
-10813 11893
-14930 6813
-16472 -1816
-15250 -9593
-11520 -12265
-6184 -9020
-933 -424
2110 9459
1065 16392
-3636 18627
-10219 15238
-15531 8194
-16642 -576
-12508 -8092
-3985 -13222
5418 -14424
12176 -11472
14289 -4369
11347 5079
5448 13230
-801 16970
-6031 14246
-9736 5776
-11350 -4683
-10856 -12734
-8532 -16855
-5086 -16532
-1653 -14531
777 -13289
1209 -14496
-380 -17098
-1896 -18695
-1654 -17244
1534 -11360
6925 -2870
11607 5915
13243 12442
10160 15270
4135 15542
-1301 14533
-2421 13968
1255 14695
7446 15553
12565 15184
13306 12330
8010 6353
-1110 -1820
-9647 -9011
-13029 -12787
-9842 -11435
-1319 -6899
8925 -1526
17269 2096
20820 1963
20247 -458
17168 -2792
13923 -2001
12032 1925
11652 8110
11928 12778
11670 12682
10938 7494
10408 -475
10255 -8035
10403 -11779
11278 -10590
11849 -5303
11886 2585
11034 11210
8981 17806
6468 21041
3332 20202
-88 15128
-3571 7654
-6235 -508
-8508 -7235
-10719 -10944
-12345 -10262
-12782 -5088
-12189 2778
-10459 10864
-8490 17647
-5976 20971
-3329 20289
-400 15808
1896 7676
3473 -1841
3225 -10634
693 -16672
-3657 -18110
-8379 -15182
-11532 -10965
-11320 -8813
-7695 -9580
-1832 -12715
4962 -14887
11281 -13134
15149 -6784
15727 2483
13761 10323
10335 12682
6581 8801
3360 716
1193 -8734
156 -16091
941 -19722
3385 -19765
7012 -16482
10648 -11055
14214 -4852
16341 16
16828 2253
15503 524
12373 -4092
8359 -10427
3878 -15373
-306 -16010
-3769 -12206
-6045 -4461
-7966 4332
-10197 11602
-12895 14768
-15475 12815
-16843 7122
-16336 -486
-13092 -7943
-7696 -13949
-2278 -16755
1060 -15226
1836 -9923
1109 -1820
-201 7265
-1033 15508
-303 20851
1299 21956
2281 19593
1453 14991
-2341 9488
-8388 4819
-14093 1574
-17119 -58
-16356 855
-13455 3829
-10307 7823
-9326 11602
-10705 13597
-13284 13015
-14551 11172
-12587 9447
-6067 8351
3220 7918
12014 6159
17273 1509
16832 -5473
11598 -12309
4303 -16685
-2178 -16295
-5365 -11293
-6358 -3170
-6749 5304
-8667 11123
-12658 13319
-17619 11927
-20191 7282
-17507 754
-9683 -6711
414 -12545
9016 -14909
12389 -12567
9642 -5226
2779 4430
-5436 12047
-11944 13303
-14095 7527
-11690 -3483
-6055 -13895
732 -18601
6872 -14649
10667 -3906
11875 7702
10230 14425
6693 12728
1139 4134
-5027 -6574
-10583 -13884
-14561 -15761
-15807 -13459
-14492 -9975
-10892 -8345
-6390 -10491
-2572 -14516
-223 -17697
-182 -17459
-1916 -12063
-4906 -3550
-8152 5629
-10889 12587
-11580 15685
-9494 15828
-5255 14559
382 14022
5762 14612
9421 15285
10994 14781
10301 12116
7547 6459
2590 -1207
-3684 -8194
-10339 -12473
-16153 -12041
-19737 -8365
-19869 -3070
-16034 1277
-8744 4020
-268 5691
7238 7205
11822 9921
11911 13265
8255 16804
3001 18242
-1279 15780
-3051 9876
-1929 1907
219 -6853
1688 -14696
1142 -20708
-1062 -23952
-2668 -22875
-1570 -16667
2294 -6887
7049 3680
10883 11197
12190 12363
9801 6942
5407 -2397
987 -11696
-1215 -16445
-95 -15327
3765 -8123
8494 1988
12240 11349
13312 18037
12143 20021
10275 17555
9195 11062
10173 2648
12333 -6091
13757 -11816
12417 -11878
8328 -6470
3263 2869
-652 11913
-1171 16895
1615 15341
6357 7457
10497 -3132
11492 -12659
8759 -17903
3214 -17895
-3898 -14292
-11109 -9215
-16184 -4302
-17749 475
-15802 5085
-10813 9985
-4008 14045
3376 15908
9031 14982
11428 10945
9283 4940
3350 -1166
-4439 -6546
-11865 -10558
-16603 -11922
-17716 -10779
-16344 -6789
-14205 -288
-11628 6966
-9148 12810
-5788 15912
-1062 15068
4683 10950
9585 4700
12238 -2775
11737 -9925
7371 -15963
853 -18873
-6146 -17739
-11945 -12195
-14393 -3196
-14077 6090
-11903 12362
-9203 12703
-7618 6507
-7291 -3751
-6108 -13360
-2623 -17639
4050 -14587
11522 -5124
15928 5830
13749 13525
5002 14803
-6672 10018
-16054 2924
-18290 -2192
-11749 -3796
256 -2576
12158 -206
18435 1349
15585 1130
4844 106
-8410 -807
-18422 -898
-21836 1151
-19043 4224
-13272 7926
-8230 11070
-5985 13631
-5491 15553
-4824 16247
-1951 15139
3737 12918
10112 9575
15104 5293
16373 321
13944 -4925
9371 -9814
4061 -13618
-555 -16013
-2778 -16398
-3189 -15486
-1908 -14435
-130 -14369
2042 -15764
3144 -17424
2747 -18125
414 -16771
-3770 -12402
-8942 -5816
-13591 -125
-16492 1985
-16345 -421
-13406 -5835
-10207 -11042
-9284 -12721
-11028 -10077
-14462 -5046
-17173 -223
-16594 1531
-12821 -805
-7044 -6737
-1741 -13015
612 -16474
-405 -15951
-4362 -12240
-9832 -6291
-15211 -19
-18904 5968
-20334 10475
-18089 12587
-11812 11384
-2337 7985
7479 3217
14719 -446
16447 -1293
12511 1702
3833 6974
-5641 11550
-11967 12634
-13590 8458
-10632 -391
-5062 -10240
622 -17756
4656 -20179
5521 -18284
3721 -14817
-296 -13021
-4896 -13786
-9338 -15602
-11843 -16082
-11187 -13206
-7271 -5856
-503 3588
6548 11155
11189 13220
12813 8440
10667 -816
5935 -10805
295 -17502
-5664 -18716
-10506 -15929
-12924 -11633
-11767 -9186
-7754 -9492
-2477 -12603
1389 -15795
1689 -16492
-2611 -14142
-9974 -9745
-16243 -4485
-17759 11
-12451 3209
-1642 4878
10060 4214
17718 939
19712 -4199
16788 -10048
12082 -13561
9188 -12506
8996 -6433
10490 2099
11972 9649
11585 12360
8477 9649
2982 2099
-3850 -6433
-10487 -12290
-16326 -13459
-20530 -10238
-21076 -4644
-16532 635
-7931 4320
3121 5491
12547 4026
16813 -19
15172 -5252
9527 -10911
2928 -14980
-888 -15948
-871 -13491
3357 -8198
9662 -2601
15492 1108
19657 1147
20508 -2505
17814 -7694
11846 -11870
3196 -14050
-6330 -13949
-12818 -12333
-13113 -10469
-6659 -8124
4460 -5509
14531 -2641
18654 250
13956 3035
2946 5066
-8560 7192
-14470 10223
-12038 13220
-2494 15292
8271 15034
14184 11493
13250 4977
7413 -3455
750 -11163
-2242 -16144
-121 -16539
5568 -13068
12090 -6752
16671 782
16906 7264
13500 11737
7188 14014
-220 14230
-7540 13151
-13636 11071
-16780 7240
-15888 1750
-10998 -5485
-2953 -11850
5534 -14976
11882 -13213
14610 -5700
13963 4055
11634 11928
9702 13467
9240 8096
10663 -1737
12119 -10735
12230 -13549
9814 -8884
5675 1690
1458 12403
-1436 17607
-1625 15205
-449 6183
1021 -5794
1349 -16295
-97 -23087
-2021 -25316
-2979 -22670
-1221 -15593
2820 -6215
8188 3586
12024 10521
11885 11877
7613 7764
881 -365
-6206 -8348
-11320 -12546
-13022 -10313
-11091 -2006
-6308 8548
-306 17190
6163 21307
11358 19907
13650 15101
11658 9447
6013 4111
-1670 -1071
-8585 -5863
-11861 -10064
-11051 -13982
-6670 -16426
-1682 -17080
1281 -15507
258 -12371
-4671 -8602
-11109 -4429
-16477 113
-19007 3775
-18285 7037
-14969 9327
-9906 10926
-4665 11429
758 11641
5796 11436
9958 11161
13487 10617
15207 9821
14744 9591
11624 10560
6955 12299
2148 13794
-923 14922
-691 15126
2505 14820
6736 13983
10293 12744
11276 11565
8861 9816
3024 8594
-4343 8357
-11412 9483
-16078 12205
-17136 15428
-14985 16404
-10410 12699
-4572 4839
1831 -4422
7303 -11436
10536 -12575
11409 -7570
9707 2125
5788 11744
219 16750
-5439 15381
-9572 8594
-11537 -1355
-11232 -11585
-8356 -19097
-4527 -22068
-1026 -20530
388 -15364
-452 -7460
-3766 1537
-7948 8749
-11631 11964
-13377 9679
-12836 2580
-11277 -6041
-9672 -12647
-9542 -15260
-10581 -13570
-11799 -10437
-12320 -8509
-11080 -9515
-9335 -12703
-8270 -14877
-9483 -13244
-12255 -6892
-15158 1641
-15778 9280
-12056 13104
-4398 11323
4783 6044
12593 410
16187 -1865
14370 82
7401 4826
-2130 9842
-11409 12032
-18042 11027
-21187 7032
-20177 2438
-15623 -424
-7986 -836
397 958
7607 4846
11926 10192
11705 15764
7407 20236
1857 21129
-2135 17060
-2536 7745
379 -4042
3221 -13897
3010 -17886
-1740 -13955
-9248 -3808
-14782 7260
-14225 14239
-6377 13717
5123 7324
15132 -174
18337 -3434
13338 -833
2980 6278
-7694 12803
-13433 13808
-11747 8367
-3974 -671
5752 -9132
13122 -12621
14920 -9751
11377 -2230
4849 7396
-1426 15972
-6139 21076
-9104 22067
-10363 18549
-10093 11408
-9178 1621
-6899 -8283
-3784 -15271
14 -16538
3603 -12004
6290 -2953
8443 6540
10643 12316
12439 12999
14242 8799
15385 2918
15346 -1533
14709 -2185
13671 1404
12477 6948
11219 12362
10116 15099
9051 15304
8884 13230
9822 9547
12115 5642
14450 978
14988 -4137
11988 -9392
5715 -14737
-1910 -18084
-8591 -17802
-12279 -12659
-11430 -3233
-6658 7646
-1228 15786
1550 17810
523 12095
-3361 1719
-8299 -8545
-11826 -13827
-13373 -11277
-12646 -2211
-11177 8097
-10477 14432
-10727 13676
-11531 7022
-12959 -437
-15037 -3902
-16649 -648
-17458 6657
-16039 13304
-11339 14503
-4508 8444
2959 -1642
8832 -10834
11442 -14365
9604 -9751
3662 0
-4140 9750
-11404 14454
-16085 10875
-17627 1563
-15626 -8629
-10347 -14361
-3443 -13135
3403 -6640
9667 433
14652 3670
17821 324
18191 -6883
15909 -13333
11231 -14515
5702 -8044
1243 3076
-1011 13786
2 18881
3438 16150
7903 8266
12229 96
15055 -3006
15512 342
12759 7808
7406 15076
210 17499
-6985 13736
-11917 5125
-13543 -4737
-11462 -12145
-5377 -14782
3344 -12877
11604 -7296
16294 469
16372 7890
12133 13978
5544 16838
-740 15345
-5733 10218
-8310 2712
-9539 -5059
-10154 -10691
-11250 -13363
-12763 -11850
-14348 -7099
-15813 -159
-16150 6887
-15651 11879
-13829 13603
-10383 11545
-6175 5596
-814 -2289
4833 -9158
10523 -12100
14767 -9876
16770 -2782
15711 5818
11674 12501
4780 15353
-3377 14164
-9805 11309
-12291 9021
-9194 9108
-2373 10950
5854 12692
12448 12766
15666 9609
15315 4826
13758 315
13183 -1643
15000 -805
18362 1290
20136 2689
17359 1491
10095 -2788
658 -8133
-7830 -12089
-12385 -11871
-11785 -7476
-7685 501
-2490 9217
1047 16350
1189 19411
-1606 18804
-6372 15241
-11421 10588
-15496 5594
-17224 1574
-16955 -567
-15208 -20
-11976 2716
-7317 7061
-2708 11800
591 15298
1965 17558
1206 17847
-231 16908
-975 15151
-382 13802
1042 13733
1950 14439
816 15698
-2047 16266
-6279 16073
-9925 14290
-11282 10852
-10188 5341
-7618 -1579
-4020 -8901
-572 -15373
2651 -19983
4622 -21316
4362 -19598
1249 -15520
-4255 -9219
-10238 -1341
-13848 6113
-12471 11323
-6271 13776
2590 14106
10134 12673
12866 10238
8893 7964
-458 6283
-10741 4223
-17688 1146
-18233 -3525
-13001 -9449
-4990 -14435
2422 -16999
6498 -15927
7495 -13050
7432 -10112
8827 -9128
11735 -10868
14560 -13596
15325 -15007
12673 -12737
5782 -6336
-2685 2684
-9741 10293
-12251 12745
-9435 9319
-2942 1597
5066 -6825
12095 -12149
15895 -12887
16508 -9951
15316 -4775
13923 693
13884 4343
15391 5045
16852 3250
16628 -93
14695 -4445
12221 -8947
10294 -11774
9712 -11280
11164 -7631
13000 -1140
13742 5963
12089 11325
6923 14313
-172 14353
-7311 12692
-12229 10284
-13916 8857
-12358 8695
-10038 9630
-9459 11146
-10834 12602
-12703 13375
-13558 12897
-11556 10957
-6944 7001
-218 1071
6418 -5491
11344 -11085
12810 -15286
11157 -17091
6584 -16903
70 -14822
-6866 -12145
-13001 -8602
-16358 -4656
-15985 -662
-11133 3556
-3552 7781
4849 10815
11655 12199
15320 11074
15181 9134
12733 7947
9523 8911
7154 12929
5947 17698
4481 20304
1299 17622
-3252 9746
-8111 -1442
-11452 -10698
-12108 -13764
-9245 -8635
-4906 2031
-823 12804
1343 18222
-207 15526
-4223 6550
-9022 -4663
-12364 -13651
-13121 -17014
-11356 -14924
-9305 -10782
-9004 -7836
-11046 -8742
-14043 -11721
-15342 -14267
-12439 -13371
-5343 -8688
3740 -2487
11968 2097
16727 1998
16212 -2927
11358 -9907
4620 -15621
-1504 -16796
-4257 -12031
-3964 -3025
-1512 7511
1190 16065
3653 20997
5284 21063
7099 17184
9711 10979
12940 3285
15103 -4528
14971 -10206
11611 -12351
5032 -9788
-2791 -4245
-10335 969
-16034 2665
-18278 -882
-17214 -8240
-13947 -14319
-10254 -14198
-6805 -7032
-4147 5001
-2131 15511
-241 19057
909 12983
1614 691
1298 -11920
156 -18452
-2191 -16343
-4827 -7402
-7734 4101
-10937 13239
-13025 17163
-14156 16090
-13414 12480
-10896 8974
-6291 7920
-789 8753
5127 10565
10304 12019
14566 12223
16779 11909
15982 11127
11688 10498
4386 9372
-4271 6970
-11916 3663
-16748 -167
-17042 -4070
-14356 -7088
-10835 -9234
-8894 -10179
-10267 -10401
-14339 -9014
-17897 -5884
-17646 -1074
-13180 5299
-5772 12049
548 16598
2557 16777
-1407 12704
-8690 6502
-15421 877
-17835 -1239
-13487 616
-4530 5286
5696 9985
13171 11597
15804 9576
13808 3768
10345 -3789
8740 -10803
9932 -16149
12305 -18572
13817 -17249
12530 -12124
7304 -3712
-370 5993
-7766 12780
-12455 13476
-12440 6730
-9017 -4553
-3695 -14848
1132 -18905
4517 -14035
6736 -2412
8281 9418
10191 14745
11980 11372
13542 1137
13533 -9555
11451 -14773
6708 -11231
691 -1670
-5645 8659
-10846 13921
-14365 11848
-15943 4120
-14912 -5557
-11239 -13330
-5479 -16006
1193 -14778
7265 -11581
11191 -8816
12804 -8610
12781 -10097
11729 -11966
10850 -12785
10138 -11307
10258 -9052
10597 -7696
10674 -9214
10182 -13077
8309 -17190
5089 -19126
523 -17090
-4750 -9946
-9898 -340
-12793 8365
-11584 12625
-6951 10868
234 3699
7187 -5369
11762 -12507
12114 -16044
9166 -16483
4236 -15232
-636 -14503
-3915 -14409
-4422 -15304
-2683 -15962
328 -15763
4394 -13659
8766 -10438
12725 -5882
15473 -7
16526 5546
15382 10168
12965 12267
10037 10765
7683 6376
6167 -502
4327 -8118
888 -14940
-3508 -19446
-8014 -21109
-11098 -18631
-11369 -11675
-9252 -1863
-5650 7713
-2085 14482
-111 15967
-81 12130
-1624 4335
-5058 -4538
-9995 -11707
-15520 -14425
-19478 -12005
-20243 -6131
-16341 661
-8609 6974
872 10778
8770 11974
12389 10532
9887 6791
2322 938
-6509 -5543
-12677 -10859
-13839 -14830
-10210 -16342
-4082 -16213
1707 -15509
5512 -13946
6937 -12495
7704 -11167
9338 -9901
12419 -9422
15382 -8864
17072 -6777
16299 -2142
12763 5591
7885 14405
2948 19933
-415 18278
-1927 9422
-2088 -3803
-1216 -15030
320 -18667
1178 -12636
1212 -503
564 11913
-546 18147
-1231 15754
-932 5588
-138 -7310
590 -17419
1574 -22072
3644 -20981
6638 -16092
10124 -9901
14247 -4497
17671 -378
18805 1349
16589 507
10346 -2965
1623 -8172
-6894 -12169
-12284 -12160
-13829 -7859
-12280 78
-9983 8000
-9113 12322
-11176 12184
-14973 7807
-17840 2365
-16901 -995
-11800 -1122
-3249 1501
5669 5983
11872 10891
14602 14898
14689 16876
12955 15904
10695 11235
9005 4330
8043 -3585
8459 -9653
10608 -11634
13264 -8883
14923 -2118
14530 5709
10877 11650
4945 13758
-2874 11659
-10267 6358
-15548 -673
-17073 -7331
-14235 -12050
-8066 -14568
-19 -15121
7996 -13223
14517 -9070
17489 -4051
15820 55
9549 2940
663 3521
-8667 2291
-16205 -136
-19580 -3246
-18318 -6103
-14215 -8702
-9553 -10543
-5870 -12259
-4147 -13674
-3066 -14778
-1465 -15878
931 -16013
3175 -15977
3673 -15467
1492 -14397
-3911 -13255
-10141 -11387
-15114 -7761
-16474 -1386
-13851 6698
-8836 14420
-3186 18689
721 17293
2402 9609
1639 -2040
137 -12642
-319 -17420
606 -14713
3046 -6442
6546 4021
10704 12324
14183 16617
16074 16090
15354 13026
