-216
-102
188
442
605
37
-876
-1438
-739
750
2319
2682
555
-3225
-7561
-10668
-11085
-8281
-2799
4059
10497
15582
17988
16778
11418
3233
-5839
-13106
-16077
-14530
-9527
-3572
673
1674
-1099
-6040
-11239
-15165
-16377
-14839
-10528
-4745
1899
7604
11249
11504
8247
3447
-640
-3078
-3350
-1906
674
3325
5479
7647
9793
12693
15168
16614
16124
14112
11792
10113
10302
11600
13122
13355
11096
6043
-1065
-8753
-15668
-19761
-19946
-16583
-10174
-2886
4674
10856
14739
15656
13748
8683
1224
-7769
-15315
-18975
-16870
-8900
1853
11804
17462
16419
9760
1859
-2937
-1900
4293
11096
13847
11209
4852
-1080
-2920
1303
8760
15595
18076
13564
4383
-5955
-13101
-15416
-13559
-10351
-8709
-9947
-12495
-14080
-12056
-6460
1608
9811
15961
18685
18521
15640
10731
5644
1204
-1029
-88
3406
7997
12426
15007
15375
12642
7413
577
-6680
-11981
-14020
-11751
-5603
2798
9823
12336
9104
1552
-6875
-12155
-13144
-9471
-3837
872
3555
3862
2406
23
-2335
-4153
-3988
-633
4812
11267
15860
16087
11891
3998
-4665
-11519
-14192
-12375
-6976
122
7607
13646
16713
15567
10700
3197
-4866
-11497
-14887
-14471
-12080
-9722
-8653
-9460
-10911
-12033
-11731
-10518
-9483
-9611
-11208
-12757
-13295
-11469
-7857
-3822
-637
435
-892
-4396
-8325
-11101
-11550
-9785
-5753
-116
6211
11535
14945
15821
13567
8651
3134
-981
-2525
-1715
59
842
685
-575
-1411
-475
1940
5260
8448
10413
10958
10160
7025
1030
-6520
-13667
-17730
-16377
-10241
-1280
7091
11368
10724
5467
-2495
-10743
-17190
-19757
-17843
-11703
-2037
8385
15880
17185
11449
257
-11193
-18101
-17560
-10608
-2068
3037
2266
-3627
-10335
-13955
-11766
-5854
254
3102
254
-5854
-11766
-13525
-10133
-4003
1382
2165
-1984
-9154
-15382
-16809
-12392
-3674
6770
16180
21532
22009
17931
10504
1580
-7242
-13541
-15605
-12822
-5996
2852
10999
17097
19419
18502
15199
10410
5853
2069
-425
-921
373
1656
1399
-1547
-6782
-11409
-13024
-10244
-4268
1152
2423
-1180
-7195
-12259
-12939
-8077
445
8675
12720
10762
3828
-4991
-12507
-15947
-15710
-12928
-9481
-6660
-4687
-3005
-828
1379
2576
2311
647
-2904
-6775
-9961
-11117
-10116
-7538
-3815
-20
3815
6800
9155
11138
12259
12839
13389
14657
16082
16909
15797
11742
5046
-3036
-9510
-12226
-9491
-2583
5709
12597
15270
14383
11468
9034
7621
7379
6013
2176
-4959
-12643
-17749
-17617
-10866
-155
10714
17906
18810
15158
10270
7706
9861
15429
19848
19074
11243
-729
-11151
-14370
-9228
838
10373
13692
9028
-876
-11397
-17260
-16453
-9073
1550
12035
19020
22006
20497
14934
7291
-1100
-7790
-10897
-9660
-4143
3565
11361
16554
17552
14998
9839
3839
-1610
-6252
-9968
-11854
-10729
-6766
-201
6989
12710
15716
15215
11141
4754
-2940
-10184
-16042
-18571
-17128
-11305
-2770
6049
12945
15961
14470
9549
3593
-430
-1716
748
5505
10647
15606
18634
19052
16065
10677
4059
-807
-1289
2477
9338
15283
17036
12545
3108
-7948
-17060
-21303
-20025
-15185
-9377
-3910
1248
5846
9984
13327
15097
14494
10944
5551
-152
-5640
-10311
-13503
-15313
-14761
-11454
-6545
-1975
780
235
-3029
-7628
-12213
-15223
-15691
-12825
-7350
-640
6720
12331
14554
11819
4915
-4600
-12967
-17143
-15292
-8989
-1894
2261
1009
-5306
-12872
-17625
-18127
-15070
-11109
-8901
-9585
-11666
-13165
-12059
-7478
-978
5971
11201
14339
15059
13728
10902
7390
3398
391
-967
40
1833
2847
1022
-3295
-9448
-14663
-16873
-14551
-8606
-2197
1946
1359
-2762
-8344
-12997
-14439
-13365
-12035
-13016
-16368
-20346
-21663
-17879
-8117
3993
14068
17978
13501
2744
-9486
-18305
-20288
-16827
-11305
-7839
-8295
-12062
-15066
-13740
-6935
2394
10374
12885
9223
1668
-6597
-11820
-12792
-10261
-5354
-145
4389
6452
5436
789
-6076
-13492
-18007
-16626
-9713
1053
11225
16505
15507
8408
-1702
-11415
-18064
-20236
-17670
-10797
-1661
7529
14122
16162
12572
4195
-5303
-12405
-14370
-10729
-4249
2236
6040
6906
6984
8677
11916
14965
15717
12670
5274
-3433
-10348
-12642
-8529
-16
9787
17433
20235
18677
15285
12806
13100
15452
16573
13797
5884
-4120
-12017
-13817
-8298
1397
10376
13768
9513
419
-8941
-13235
-11028
-2964
6427
12816
13819
10368
4522
-1273
-4502
-5098
-3137
363
4912
9903
13869
15821
14643
10283
4433
-1031
-4939
-6778
-7873
-9246
-11790
-14421
-15203
-12246
-5940
2051
8887
12118
10773
6695
1946
-774
-610
2367
6840
10957
14119
15141
14119
11387
7043
1990
-1494
-1555
2073
8069
12764
12723
7470
-1133
-9128
-12893
-10341
-2508
6566
12809
13809
10335
4341
-1732
-5640
-7383
-8140
-8960
-11203
-13471
-14383
-12335
-7698
-2454
1232
1441
-2195
-7466
-11675
-12320
-7763
701
10051
17165
19628
17355
12850
8586
6685
6113
5227
1930
-3580
-9669
-13443
-12799
-6817
1740
9388
12329
9670
3032
-5155
-12175
-15494
-14788
-12028
-9121
-8267
-9351
-11188
-12585
-12288
-11522
-11507
-13173
-17278
-21279
-22334
-17585
-7524
4621
14406
17889
13316
2831
-7936
-13741
-11212
-2183
9242
18097
21626
19612
15508
12940
13052
14308
14736
12114
6394
-549
-7013
-10914
-12011
-10581
-6664
-806
5729
11732
14501
12356
5333
-3466
-10597
-12364
-8109
1011
10773
16815
17547
12910
5726
-766
-5016
-6162
-4363
-452
4964
10557
13717
12386
6326
-2776
-10586
-13150
-9148
0
9147
13670
10830
2319
-7398
-13548
-13666
-8704
-2112
2115
2836
1143
-953
-1518
929
5029
9226
11924
11476
8597
4049
-1093
-5222
-8652
-11481
-14394
-16775
-17854
-16422
-11786
-4494
3534
9674
11437
8760
2930
-4351
-10965
-15307
-16608
-14930
-10672
-5619
-1678
391
-55
-2858
-7605
-12421
-15326
-15747
-12805
-7277
-431
7074
13180
16630
16536
12496
5853
-17
-2284
705
7068
12751
13652
8371
-1530
-10640
-14227
-9879
-80
9733
14152
10665
1820
-7951
-13936
-13245
-7383
-535
3153
1046
-4876
-11052
-13637
-10951
-5064
604
2547
-573
-6507
-11808
-13197
-8701
-499
7983
12769
12569
8204
2489
-1946
-2746
-1107
1113
1421
-726
-4790
-9046
-12056
-12494
-11488
-10143
-9586
-11050
-13458
-15741
-16216
-15092
-12850
-10785
-10009
-10740
-12142
-12765
-11339
-7284
-1560
4969
11000
15565
17623
17397
15001
11677
7396
3331
-67
-1758
-2214
-1426
23
1496
1922
1325
-430
-2703
-4955
-7448
-10434
-12928
-13810
-13087
-11047
-7639
-3845
-817
190
-755
-3472
-7163
-10663
-13732
-15777
-16492
-15999
-13900
-11518
-9752
-9883
-11437
-13807
-14633
-11791
-5783
1895
8504
11245
9899
4466
-3052
-10636
-16328
-19278
-17918
-12174
-2267
8385
16110
17656
11524
-222
-12055
-18514
-17147
-9339
-614
3501
661
-7591
-15768
-18952
-14092
-3810
7205
14128
13832
8386
1390
-3204
-2750
667
3791
3268
-2565
-11268
-18109
-18418
-11552
-781
9119
13712
10282
1479
-8113
-13234
-11793
-4599
4872
12751
16785
17094
15489
13801
13847
14726
15865
16579
15506
13552
11306
9824
8883
7504
5018
655
-4773
-9520
-12108
-11535
-6950
1011
9614
16292
19202
18696
15203
9858
4312
-499
-5030
-9425
-14036
-17752
-19054
-17072
-11418
-4592
719
1761
-1716
-7300
-11974
-12356
-7955
154
8105
11974
10868
4863
-3409
-11049
-16421
-18885
-17358
-11538
-3040
5784
11735
12493
6835
-3289
-13043
-17498
-14981
-6182
4616
12954
16417
14953
11481
8784
9127
11603
14756
16423
16306
14938
12769
10177
8080
5634
3043
430
-2842
-6012
-8965
-11480
-12889
-13108
-13246
-14137
-15982
-17098
-16240
-12349
-5085
3911
10946
12873
8696
343
-8205
-12989
-12072
-7115
-1223
2241
1109
-4188
-10057
-12859
-11436
-7072
-1968
1682
2149
687
-1092
-1081
1141
4686
8523
11172
12538
12634
11927
10873
9941
9062
9010
9829
12028
14345
14956
12457
6039
-2488
-9885
-13008
-10842
-4740
1045
2835
-1443
-9217
-16282
-17897
-13133
-3289
6926
13322
13239
8443
2135
-1770
-1657
1805
7009
11824
14903
16044
15804
14871
13861
12393
11188
10927
10829
11219
11320
10463
8996
6831
4021
724
-2661
-4679
-4404
-1066
4779
11846
16754
16897
11460
2643
-6422
-12280
-13193
-9286
-3393
1705
3646
2609
234
-1725
-1663
-80
1517
1956
-64
-2588
-3855
-2330
3090
9761
14336
13254
6536
-3300
-11422
-13215
-7807
2435
12488
17731
14986
5516
-6776
-17546
-23166
-23174
-19169
-13279
-7811
-2542
2878
8988
15436
20073
21031
16792
8299
-1331
-9031
-11766
-8973
-2511
5252
11138
13814
12000
6901
355
-6817
-12247
-14422
-11848
-5391
3485
10669
12482
8419
-83
-8511
-12885
-10441
-1916
8758
17115
20980
19948
15506
9643
3908
-1563
-6366
-10379
-13488
-15056
-15487
-14908
-14380
-14251
-13639
-11522
-8379
-4192
-713
689
283
-684
-1198
-250
2624
6600
11129
15431
18148
18042
15388
10401
4536
-1715
-7002
-10755
-11670
-9777
-5550
215
5650
9588
11227
10148
6963
2590
-3100
-9448
-16039
-20550
-21273
-16990
-8130
2183
10296
12793
8611
-106
-8862
-12873
-10607
-2799
6385
12931
14080
9969
3616
-1992
-4191
-3641
-1241
1217
3244
5251
7442
9740
12657
14602
14585
11507
5870
-790
-7036
-11056
-12941
-12889
-11838
-10791
-10445
-11105
-12724
-14943
-17161
-17868
-16209
-11472
-4046
4922
12572
16754
15760
10289
3405
-1974
-3408
-1843
816
2292
1061
-2300
-4479
-2706
3660
11766
17729
17727
11215
1200
-8210
-13009
-10799
-3089
6217
12526
14086
10894
4997
-1341
-5917
-8441
-9513
-10282
-10657
-10345
-10095
-10151
-11476
-14017
-16248
-16711
-14961
-11522
-8834
-8709
-12059
-16910
-19822
-17477
-9502
1529
11768
17315
16602
10564
3132
-1609
-1931
1307
6566
11790
14930
15135
13219
9919
6780
3662
1423
658
875
2866
6073
9828
13821
16585
16451
11985
4239
-4248
-10585
-12337
-8344
-103
8237
12654
11057
4221
-4820
-12524
-16783
-17098
-15438
-13837
-13453
-13527
-13255
-11487
-8469
-5170
-2129
103
1218
1717
1390
34
-1097
-1972
-1708
-49
2910
5905
8645
10713
11097
9096
5146
-100
-5707
-10660
-14052
-15259
-14052
-10660
-5707
206
5290
8828
10468
10587
8937
6506
3442
276
-2272
-3455
-2765
-468
3905
8662
13023
15859
16487
15055
12487
9947
7966
6695
4754
1398
-4210
-10638
-15587
-17149
-14107
-7942
-1575
1872
1589
-688
-2648
-1525
2848
9493
15063
16460
13080
5795
-3101
-11158
-16400
-18488
-16680
-11061
-3372
4429
9967
11383
8173
1552
-5943
-11507
-13432
-10835
-5438
432
5980
9658
11339
10686
8534
5029
1622
-709
-1018
459
1789
1371
-2021
-7896
-13706
-17345
-16956
-13636
-9948
-8510
-10367
-13599
-15432
-13332
-6159
3620
11572
13568
8222
-2119
-12520
-17809
-16414
-10294
-2891
2068
2100
-2440
-8393
-12511
-12792
-9765
-4582
1042
5812
9795
12773
14519
15879
15802
14368
11264
7383
3503
648
-729
-44
1248
1980
815
-2752
-7975
-13120
-16558
-16977
-14403
-11131
-9453
-9856
-11300
-12440
-12013
-9028
-4532
-486
1414
-171
-4350
-9092
-12472
-12726
-11194
-9319
-9312
-10943
-13622
-14732
-12299
-5975
1974
8840
12134
10116
3722
-4595
-12216
-16523
-17666
-16333
-13697
-11400
-9607
-6846
-2212
4725
11396
15021
13414
5834
-4256
-12263
-13583
-7273
3598
13855
18191
14504
4206
-7008
-13361
-12557
-5475
4237
12530
16771
17064
14290
9838
5721
2287
365
-35
1658
5331
9172
11249
11110
8224
3877
-892
-4503
-6533
-7984
-10068
-12456
-14425
-15614
-15641
-14588
-12979
-11502
-11007
-11078
-11462
-12590
-14783
-17137
-18814
-18681
-16036
-11027
-5454
-979
682
-998
-5907
-11689
-15940
-17705
-17121
-14479
-10889
-6542
-2962
-431
536
64
-1666
-2629
-1475
2676
8284
12526
12372
7839
-231
-8072
-12120
-11652
-7942
-3060
369
1389
-432
-4626
-10510
-16239
-20187
-20565
-16458
-7828
3329
12882
17104
14460
5867
-4618
-12779
-16139
-14950
-11617
-8994
-8547
-10325
-12189
-12035
-9557
-6019
-2334
738
1783
1740
787
-596
-1151
-1153
-436
678
2102
3606
6036
9540
14287
18230
19590
16774
9710
324
-8104
-12280
-11511
-6967
-1642
1092
464
-3131
-7762
-11514
-12564
-10261
-5581
501
6001
10418
12240
11069
6320
-1280
-9471
-16202
-19304
-18508
-14762
-9377
-4333
-268
3847
8911
14750
19674
21161
17178
8472
-1810
-9904
-12132
-8035
162
9406
16149
18240
14934
7962
-610
-8148
-12643
-13504
-10822
-4830
3499
11338
16345
16585
12023
5062
-1809
-6078
-7198
-7307
-8820
-11683
-14755
-15649
-12746
-5462
3352
10390
12211
8283
471
-8717
-16272
-20288
-20531
-18139
-14470
-11574
-10435
-10606
-11515
-12541
-13821
-14758
-14709
-13852
-11196
-6760
-489
6468
12196
15640
15624
12862
7792
2756
-161
-392
1677
5618
10671
14929
16607
15306
10749
4248
-2742
-8318
-11048
-9738
-4222
3498
11007
16906
19862
19345
15779
9003
1000
-6566
-11450
-13494
-12575
-10677
-9480
-10261
-12581
-14000
-12515
-6890
1982
10976
17394
19129
17679
14956
13157
13984
15829
16370
13367
5884
-4120
-12017
-13817
-8298
1397
10376
13462
9369
687
-8312
-12679
-11118
-3942
5011
12230
14754
12770
7110
-467
-7978
-14126
-17045
-15849
-10072
-757
9095
16154
19399
18204
14371
9725
6111
4157
2789
640
-2016
-5099
-8139
-10624
-12840
-15150
-16541
-16067
-14334
-11502
-9533
-9728
-12291
-15453
-17383
-16017
-11233
-3810
4346
11407
15548
16060
13900
10586
6680
2684
17
-775
1412
5256
9411
12047
12349
10321
8439
8560
11921
17071
20193
18224
9697
-2300
-13202
-18600
-16142
-8153
157
3755
-185
-8844
-17003
-19476
-13443
-1303
10330
15380
10688
-129
-10902
-15407
-10354
667
11395
15472
9727
-2753
-14965
-19762
-14719
-3209
8656
14310
11447
2521
-7501
-13131
-12141
-5683
3463
11679
17022
18861
16792
10992
3287
-5015
-10836
-11591
-7630
-80
7485
11946
11064
4928
-3751
-12058
-17160
-17801
-14862
-9899
-3707
3208
9768
15258
18335
18111
15118
10526
4772
-770
-5921
-10672
-13659
-14910
-13824
-10819
-5887
-371
5294
10762
14327
15969
14750
10729
4516
-2353
-9109
-14845
-18546
-19757
-17457
-11251
-2796
5652
12272
15234
14678
11426
6282
369
-4422
-6389
-5046
-506
6268
12596
16484
15816
10676
1740
-8106
-16285
-20257
-19232
-15003
-9954
-5322
-2097
-479
-389
-1703
-4219
-7488
-11012
-13684
-14633
-14655
-14530
-14511
-14901
-14313
-11874
-7542
-2973
342
1183
-1302
-5854
-10210
-11821
-10322
-6696
-2400
566
1974
1354
213
-276
665
2730
6074
10145
14729
18419
19489
16559
9710
324
-8104
-12495
-11612
-6778
-1200
1789
545
-4086
-9386
-12633
-11888
-7463
-2036
2082
2652
1053
-1140
-2203
-464
2378
4111
2222
-3142
-9887
-14268
-13121
-5752
4734
13937
17276
13435
3828
-7664
-16633
-21007
-20376
-16137
-10510
-4727
-244
1831
545
-3225
-8441
-12205
-11862
-7347
525
8089
12023
10825
4515
-3996
-11945
-16533
-17530
-15058
-9955
-4001
1820
6715
9775
11360
10415
6935
1161
-5917
-11813
-14459
-12051
-5233
3277
10154
12493
8417
-781
-10850
-17415
-18082
-12877
-5003
1831
6089
7759
8370
9301
11780
14556
16477
16293
13483
9107
4044
-813
-4109
-6590
-8362
-9809
-11709
-13477
-13967
-12120
-8013
-2636
1296
1684
-2010
-7383
-11770
-12682
-8302
-231
8069
12629
12499
7993
2255
-1928
-2482
-708
1406
1309
-1534
-6561
-12023
-16181
-18021
-18110
-16866
-14756
-13259
-12081
-11469
-10986
-10916
-10989
-11003
-10966
-9735
-7220
-3612
820
4871
7861
10665
14165
17533
19023
17455
12240
3334
-7114
-15082
-17224
-12279
-2455
8710
16885
20519
19741
16741
13786
12978
14587
16491
16515
14118
9983
4808
-472
-5113
-9505
-13027
-15721
-16872
-16256
-15109
-14623
-14810
-14690
-13799
-11133
-7634
-3449
-409
521
-1521
-5808
-11006
-15813
-18258
-18356
-15603
-10691
-3802
3291
9953
14889
18111
18465
16061
11514
4848
-2436
-8562
-11771
-11967
-10665
-9314
-9427
-11977
-16074
-18703
-17458
-10796
79
10939
17622
18718
15703
11368
8502
9343
12181
14359
12634
6790
-2296
-11201
-16714
-17938
-16200
-13010
-10481
-9424
-9668
-11554
-14737
-18480
-20908
-20629
-16754
-8797
1427
9907
13024
9570
822
-8378
-13465
-12245
-6636
-349
2177
-31
-6484
-13327
-16782
-15845
-11649
-5648
535
4540
6078
4549
-6
-5902
-11929
-15723
-15618
-11090
-3010
6651
15515
21717
23464
21064
15076
7355
-548
-7005
-10533
-11110
-8915
-4884
-20
3709
4769
3315
-117
-4679
-8493
-10796
-11012
-8141
-2134
5102
11563
15841
17064
16189
14115
12069
9797
6462
1559
-5195
-12117
-16771
-17449
-12982
-5962
304
2663
-732
-7360
-13172
-13676
-8023
2110
11097
13912
8758
-1877
-12596
-18069
-15614
-7160
3743
12759
17187
16856
13516
9723
6319
3440
1354
394
-272
-155
120
-104
-293
-925
-1008
341
2444
5793
9908
14714
18878
21663
21204
16502
8102
-1661
-9392
-12113
-8723
-601
9029
16413
19834
18940
15064
10110
5445
2462
809
460
415
978
1090
305
-2028
-5777
-9403
-11121
-10984
-8285
-4221
6
4090
7861
10477
11147
10684
9693
9261
10442
12712
15244
16603
15325
11564
5164
-2579
-10389
-16929
-20821
-20814
-16537
-8315
1786
9871
12886
9048
759
-8127
-13477
-12718
-6610
231
3236
546
-6428
-12782
-13811
-8355
756
9329
12801
10095
2963
-5496
-11648
-13862
-12190
-7195
67
7165
12400
14106
11548
4690
-4738
-13021
-16441
-14218
-6635
3171
11868
17331
18657
17202
14308
12053
10913
10826
11747
12450
13341
14059
14226
14128
12252
8133
1198
-7303
-14787
-18671
-16515
-9181
1654
11517
16594
14980
7951
-2000
-11500
-18001
-19549
-16675
-10234
-2248
5709
11993
15042
14928
11267
5743
321
-4132
-5785
-4565
-973
4921
10636
13904
12245
6155
-2799
-10377
-12832
-8990
-209
8632
12731
10379
2453
-7782
-16656
-21731
-22438
-19645
-14798
-9408
-4242
-715
569
-1243
-5540
-9947
-12315
-10961
-6239
-935
2131
1861
-1190
-3584
-2413
3230
10659
16527
17464
12344
3020
-6624
-12926
-13294
-9097
-2951
1575
3338
2378
309
-1126
-1129
-114
794
891
-1139
-4185
-7863
-10999
-13569
-15513
-16233
-15450
-13076
-9319
-4668
453
4942
8651
11759
14817
17291
18763
18462
16131
11638
5883
1085
-789
522
3761
7842
11241
12984
12967
11820
10754
9520
9214
9520
10663
11777
13047
13171
11101
7671
3739
730
50
1488
5219
10051
14584
18325
20266
18621
12151
2230
-8141
-15553
-17298
-12017
-1794
8269
12931
10518
2057
-8619
-17439
-21446
-20241
-16620
-13193
-12533
-13874
-15942
-17345
-16397
-14565
-13082
-13387
-15701
-17911
-17649
-13082
-3547
7490
15974
17894
12100
422
-11465
-17935
-17128
-10985
-3181
1694
2275
-1693
-7295
-11514
-13031
-11698
-7393
-928
7151
15160
19557
17309
9005
-3218
-13801
-17694
-13646
-3810
6759
13085
11967
3825
-7396
-17584
-22943
-22985
-19139
-13549
-7925
-2085
3730
9812
14870
17136
15966
11434
3797
-4573
-11750
-15636
-15636
-12483
-6784
38
6700
11483
14325
15495
14676
13047
11242
10008
10281
11944
13179
12273
8799
3345
-1063
-1720
1482
6926
11471
12596
8364
918
-7075
-12679
-13375
-9278
-3128
2349
4859
5446
5923
8693
13406
18355
20453
17594
8781
-2742
-12851
-17247
-14581
-6535
3695
12334
17035
17699
16009
14440
13484
13899
14810
15367
15601
15753
14745
11613
7108
1805
-1668
-1598
2719
9738
15685
17429
12893
4195
-5624
-12629
-15443
-13850
-10772
-8947
-9699
-11726
-13179
-12070
-7686
-956
6142
11647
14296
14711
13142
10437
7480
4376
1807
-166
-794
-757
-183
132
388
0
-389
-133
182
756
793
256
-1765
-4456
-7668
-11033
-13318
-14045
-12992
-10108
-6272
-1646
3723
9399
15442
20130
21295
17330
8544
-2286
-10819
-13247
-8364
875
9762
13594
9727
-411
-11568
-18675
-18296
-11348
-2522
3574
3892
479
-3192
-3503
1496
8994
14640
14434
6603
-5260
-15614
-18808
-13282
-2333
8618
13704
11005
2332
-7400
-12825
-12098
-5762
3276
11514
17049
19152
17213
11752
3284
-6242
-12807
-13350
-6640
4873
15266
18696
13586
2061
-9356
-14602
-10569
687
12683
19212
16514
6762
-5256
-14094
-16726
-14429
-10350
-7769
-9176
-12493
-14905
-13189
-6909
1654
9245
12962
11069
5925
502
-1580
578
5807
11947
16746
18104
15987
12422
9267
8403
9188
10815
12357
12335
11834
11868
13601
17013
20451
21267
17586
8693
-2038
-10665
-13242
-8516
1718
12255
18096
16791
10237
2330
-2269
-1995
2961
8967
12927
12227
8280
2912
-1669
-3356
-2742
-714
1156
2554
4293
6642
9755
13782
17355
18696
16211
10195
2332
-5533
-11630
-14334
-13972
-11916
-9683
-8994
-9837
-11252
-11778
-11465
-10207
-9372
-10136
-11812
-12935
-12805
-10998
-6806
-1289
4922
10410
14923
16882
15806
11411
4336
-4309
-11941
-16232
-16777
-14766
-11839
-9986
-10157
-12446
-15026
-16415
-14920
-10426
-4544
1270
5233
7699
8931
9606
10085
9182
6391
1410
-5626
-13088
-17763
-16902
-10701
-1726
6951
12111
12254
8254
2779
-949
-1721
1118
6014
11261
15489
17864
17933
15560
11303
5698
1025
-678
624
4604
8949
11533
11199
8172
3744
-253
-3244
-4097
-3014
3
3717
7881
10778
10989
9053
5641
2153
-45
-248
2076
6031
10371
14448
16856
16255
12111
4031
-5796
-14012
-17630
-15021
-7674
-176
2819
26
-6696
-12748
-13859
-7959
2986
13490
18361
15184
6052
-4947
-13544
-16304
-14580
-10860
-8173
-8723
-11571
-14004
-13657
-8905
-2286
2762
3138
-2639
-11193
-18027
-18868
-11660
134
10825
14911
9489
-2829
-14924
-19592
-14629
-3100
8762
14333
11413
2121
-8024
-13491
-11408
-3432
7302
16557
22296
23917
21364
15388
7345
-1612
-8735
-11675
-10400
-5718
-816
1524
-560
-6498
-13088
-17240
-16710
-11427
-4252
1635
5236
7234
8399
9586
11699
13442
13786
11659
6874
350
-6300
-11529
-14351
-15535
-15413
-14834
-14337
-13904
-13053
-11057
-8469
-5170
-2129
318
1319
1529
947
165
-788
-1741
-1784
-218
2578
5562
8485
11087
12341
11989
10957
9927
9993
10916
11863
11889
10689
8980
8172
9452
12812
16721
18726
16556
10225
1698
-6503
-11718
-12703
-9474
-4223
1057
3833
4161
2277
-986
-4194
-6485
-8224
-9411
-10517
-9973
-7127
-1767
6274
14122
18800
17629
10231
-654
-10132
-13595
-9359
188
9699
13770
10067
-34
-11227
-18408
-18316
-12115
-3704
2631
4403
2778
-200
-2185
-1374
842
2582
2066
-1892
-7303
-11744
-12989
-9615
-4000
1008
2117
-1180
-7195
-12259
-12939
-8077
445
8675
13026
10906
3560
-5620
-12542
-15612
-15188
-12583
-9841
-7442
-5424
-3182
37
3578
6926
10430
14111
18122
21541
21923
17674
8518
-3036
-11925
-13629
-7387
3538
13841
18179
14296
4229
-6837
-13650
-12946
-5178
5163
13402
16644
15689
12300
9142
7096
5551
3740
868
-3188
-6953
-9792
-10994
-10196
-8017
-4523
-391
4144
8515
11291
11771
9205
5132
1057
-1468
-1140
1063
2879
2205
-2112
-8704
-13666
-13763
-7499
2507
11272
14276
9185
-876
-10585
-14104
-9936
-268
9450
14068
10776
1665
-8212
-13652
-11942
-4599
5021
12648
16638
17365
16066
14086
13218
12816
12467
11241
9212
6781
3742
291
-3924
-8844
-13264
-15920
-16985
-16316
-15212
-14933
-15098
-14686
-13373
-10690
-6667
-1187
4803
10162
14752
17358
16731
11833
3835
-5861
-13671
-16837
-14383
-8569
-2230
1356
529
-4618
-11334
-16366
-18734
-17657
-14421
-10533
-6515
-2671
-11
989
-83
-2624
-3972
-1727
4024
11426
16936
17115
11720
2075
-7317
-12752
-11428
-4830
4275
12614
16906
16762
13481
9344
4919
524
-4293
-9503
-15138
-18968
-19700
-16524
-9011
604
9978
16384
18943
18449
16290
14346
13537
13975
13911
11586
7104
664
-5922
-11400
-14228
-15000
-13626
-10378
-7001
-3591
-1260
-173
-1089
-3141
-6436
-10587
-14146
-15604
-14478
-10677
-4601
2332
9263
15258
18840
18986
16012
10659
4084
-2402
-7608
-10664
-11021
-9170
-5285
-424
4952
9122
11397
10951
8518
5400
2229
215
-1048
-1058
-603
-105
-538
-2629
-6096
-10208
-14872
-18582
-19582
-16760
-9332
1246
11322
17684
18231
14368
9685
8256
10839
15851
19389
17824
10240
-1417
-12175
-17338
-15300
-7781
2423
12054
17971
20100
18597
15030
9907
5060
1344
-545
512
4486
9163
12500
12871
10423
8023
8616
12085
17143
19973
17766
9291
-2164
-12500
-17257
-15050
-7014
3376
12526
17384
18280
16467
14035
12321
12023
12136
11831
10728
9935
9676
9933
11421
12627
12954
11817
8410
4127
321
-1403
-680
1956
3603
1931
-3674
-10849
-16426
-17035
-12244
-3209
6181
12104
13154
10160
4829
-322
-4094
-5494
-4243
-525
4831
10157
13206
12069
6576
-2009
-9633
-12463
-9633
-2009
6576
12375
13350
9889
4202
-1081
-4153
-4516
-2678
785
4139
7302
9495
10046
9666
7752
4704
667
-3155
-5200
-4591
-523
5549
11849
15930
15549
10911
2877
-6546
-15104
-20974
-22381
-19083
-11514
-1243
8989
15856
16482
10804
762
-9739
-16676
-17921
-13224
-5677
1088
5372
5764
3394
-798
-4811
-8361
-10475
-10965
-9182
-5318
-1360
521
171
-2996
-7334
-11556
-14155
-15110
-15027
-14428
-14615
-15411
-16211
-16534
-15492
-14165
-13343
-13718
-15760
-17888
-17627
-13143
-3732
7407
16069
18165
12595
1434
-9295
-13755
-10271
-1458
8063
13007
11580
4152
-5172
-12346
-14814
-12748
-7089
405
7792
14042
17138
16210
10609
1688
-7114
-12661
-12762
-7931
-1636
2467
2648
-480
-3350
-2448
2703
10203
16229
17379
12408
3707
-5629
-12363
-13880
-10917
-5080
976
5938
8994
10285
10437
9162
6684
3331
-42
-3495
-6008
-8168
-10611
-12393
-13568
-13163
-11001
-6695
-978
5188
11061
14769
16157
14649
10299
4415
-2165
-8667
-14148
-18465
-20712
-19081
-12461
-2163
8530
16004
17196
11403
1582
-7961
-12705
-10505
-1998
8732
17054
20905
19397
14819
9374
5344
2650
1251
421
150
667
978
309
-1670
-5144
-8822
-11779
-12721
-11491
-9862
-9150
-10581
-12737
-13993
-12580
-8132
-2286
1989
2276
-2549
-10215
-16611
-17852
-12393
-2644
7353
13448
13149
7465
719
-3001
-1026
4772
10923
13892
11281
4875
-1277
-3195
662
7484
13223
13476
7621
-1635
-9943
-13235
-9286
33
10444
17226
18255
14125
6766
-1126
-7585
-11860
-14123
-14851
-14575
-13236
-11685
-10830
-10421
-10881
-11301
-11144
-9614
-6352
-2616
725
2387
2345
1071
-1049
-2606
-4419
-6574
-9836
-13099
-15733
-15739
-12190
-4833
3620
10246
11905
8283
471
-8717
-16487
-20389
-20343
-17697
-14692
-11926
-10586
-10343
-10751
-12034
-14145
-15903
-16227
-14780
-11835
-9426
-9518
-11826
-15684
-18080
-16404
-10667
-2757
5293
11154
13502
11664
6730
84
-6496
-11895
-13970
-11286
-4755
3519
11193
15605
16137
12325
6185
-138
-4923
-6555
-4923
-138
6185
12325
16137
15911
11337
3251
-5384
-11412
-13678
-11294
-5964
716
6310
9912
11204
10096
7898
5165
2554
459
-155
1683
5471
10685
15669
18623
18675
15331
8898
498
-8182
-15335
-19641
-19946
-16703
-11119
-3745
3647
9258
11832
10258
6102
1340
-1368
-1498
849
2789
2106
-2582
-10053
-16263
-17888
-12943
-3674
6352
12906
14709
12971
10158
9341
10897
13998
16427
16145
12321
5534
-2744
-10847
-17114
-20904
-20719
-16051
-7718
2609
11598
16461
15866
11161
4554
-1086
-4004
-3380
-1026
1141
2045
1246
-54
-1078
-731
-80
586
911
37
-876
-1438
-739
750
2319
2682
1076
-2980
-8017
-11739
-12338
-8272
-865
7099
12417
14072
12600
10203
9377
10468
12597
13664
11590
6378
-1081
-8961
-15168
-19101
-20319
-17978
-11955
-3346
5887
12148
12717
7041
-1937
-10038
-12762
-8917
404
10667
17115
17989
13098
5625
-1197
-5117
-5974
-3921
-61
4900
9870
12722
11608
6811
-767
-8014
-12285
-11871
-7195
-1568
1554
988
-2867
-7937
-11645
-13491
-13402
-12178
-10434
-9372
-8773
-9133
-10197
-12214
-14429
-14862
-11971
-5443
3310
11611
16582
17660
15141
11636
9770
10257
12257
14583
15502
14737
11568
6609
453
-5872
-11374
-13914
-11836
-5944
2421
9483
11855
9024
2507
-5251
-11127
-13862
-12190
-7195
-454
6920
12856
15177
12279
4436
-6215
-14990
-18026
-13149
-2376
8593
14088
11539
2299
-8124
-14412
-13418
-6904
339
3610
151
-7628
-15393
-18598
-15249
-7896
-478
2624
226
-5549
-11118
-12829
-9084
-1666
6519
12502
13651
10335
4500
-1425
-5593
-8225
-9396
-9760
-9560
-8410
-5626
-1204
5183
11426
15777
16807
13477
7673
1718
-1998
-1792
1063
3531
2826
-2730
-11325
-18125
-18964
-11958
-114
10653
14988
9881
-956
-11425
-15320
-9494
3020
15214
19767
14615
2597
-9414
-14958
-10595
396
12262
18974
16762
7532
-4355
-13496
-17664
-17529
-15277
-13501
-13528
-14078
-13942
-11450
-6889
-1224
4860
10868
15191
17962
18200
15411
11077
5943
1861
257
1224
4056
8701
14191
19871
23309
22759
16781
6411
-5178
-14194
-16905
-12893
-3500
6470
12260
11969
5995
-2971
-11918
-17689
-18696
-15749
-10096
-3355
3617
8823
11047
9231
3346
-4393
-11786
-16523
-17666
-16333
-13697
-11400
-9607
-6846
-1781
4928
11019
14137
12633
5961
-2881
-10273
-12672
-8546
146
10038
17203
19557
16909
12322
8889
8253
9924
11924
12231
9891
6041
1960
-1113
-1865
-1213
63
562
345
79
-202
32
155
465
372
-73
-1560
-3607
-6580
-10146
-14225
-17544
-18596
-15997
-10196
-2333
5532
11629
14333
13971
11915
9897
9094
9647
10809
11817
11730
10517
9482
9825
11308
12568
12852
11077
7919
4509
1631
127
305
2575
6195
10104
13963
16747
16544
11970
3760
-5630
-13362
-16491
-14724
-8946
-2570
1395
693
-4119
-10781
-16715
-19502
-18334
-14484
-9283
-4494
162
4728
9147
13939
17007
16970
12841
4534
-5226
-12386
-13222
-7299
2144
10563
13619
8826
-1914
-12916
-18280
-15865
-6559
4819
13078
16273
15221
12110
9340
9037
10625
13340
16143
17385
17071
14728
10641
4796
-2604
-9891
-15802
-18799
-18198
-14890
-10047
-4858
501
5521
9759
13434
16132
16076
12584
5163
-3486
-10443
-12698
-9830
-4261
821
1731
-1873
-8843
-15117
-16770
-12834
-3863
6871
15783
21244
22545
19189
11310
1256
-8930
-15744
-16866
-11345
-1606
7938
12766
10689
2080
-8827
-17542
-21503
-20221
-16547
-13380
-12365
-12677
-13050
-11816
-8890
-5460
-2155
268
1405
1797
1347
250
-953
-2240
-2337
-299
3144
6615
9432
10436
10108
7941
4603
452
-3155
-5200
-4591
-614
5507
11928
16117
16020
11028
2319
-7596
-15592
-20492
-20901
-17395
-10672
-2925
4278
9315
11397
9646
5389
955
-1127
400
5675
12053
16636
18602
17527
15475
14512
14709
15320
15744
15085
13421
10901
6883
930
-5800
-11665
-14346
-11902
-5112
4486
12829
16344
13951
7079
-2226
-10894
-17294
-19364
-17185
-11582
-3112
5761
11932
12983
7577
-2202
-11113
-14422
-9507
1516
11929
15495
9266
-3893
-16243
-20415
-13491
581
14297
20292
14803
1457
-12597
-19852
-16728
-5901
6694
14844
14752
8522
766
-3218
-1452
4127
10183
13326
11365
6329
901
-1904
-537
3553
8543
12471
13273
11989
10025
9188
10239
12359
13651
12618
8295
2783
-1437
-2105
2025
9081
15476
17509
14263
7706
1122
-1804
-290
4861
10122
12265
9669
3485
-4391
-11293
-15964
-17487
-15735
-10821
-4316
3006
8806
11115
10187
6774
2676
-433
-902
1766
6308
11152
14928
16168
14717
10851
4638
-3209
-10701
-15997
-18091
-16668
-13331
-10013
-7267
-5239
-3247
-801
2664
6850
10206
11549
10319
7408
3485
-479
-3660
-6507
-8721
-10262
-11625
-12892
-13100
-11607
-8413
-4377
-876
689
446
-499
-1165
-256
2042
5320
8561
10521
11152
9579
6023
432
-5481
-10755
-13245
-11648
-6114
1529
8381
11395
9981
4489
-3259
-11015
-17018
-19708
-19085
-15757
-10162
-4053
380
1490
-1967
-8768
-15214
-17393
-14615
-7787
-915
2471
458
-5638
-11529
-12977
-8609
-238
9336
17126
20480
19741
16779
13636
12396
12291
12634
12442
10752
8501
7408
9134
13210
17431
19349
17084
9718
109
-8478
-12320
-10504
-3413
5358
12005
15157
15135
12992
10656
8435
7548
8040
9822
12851
16202
16984
13169
4150
-7619
-16792
-18406
-11647
997
13081
18828
15064
4599
-7101
-14204
-13117
-4701
6089
14254
16346
13760
9686
7756
9616
13122
15339
13551
6427
-2953
-10800
-13327
-9118
-634
8178
13153
12258
7194
1179
-1903
-908
3811
9172
11985
11518
8526
4144
38
-3147
-4995
-4473
-1410
4306
10927
14879
13438
5505
-6007
-15790
-18434
-12992
-1643
9332
14260
10152
-586
-12162
-18330
-16560
-7910
3470
13235
18035
18446
16196
13679
12508
12102
12093
11740
10728
9935
9676
10545
11709
12091
11696
10490
8489
6272
3595
895
-2267
-4180
-4081
-935
4384
10815
15599
16833
13349
7247
1264
-1575
87
5804
12492
17058
17848
15380
11763
9593
9205
10264
11401
11590
9640
6642
3035
-488
-2636
-3116
-1972
450
3543
7518
11500
15171
17264
17665
15591
10831
4536
-1715
-7002
-10234
-11425
-10234
-6621
-641
5846
11174
13451
11562
5671
-1718
-8280
-11487
-10126
-4222
3887
11355
16825
18917
18110
15346
10932
5955
1654
-981
-1045
981
2694
1838
-2234
-8413
-13096
-13108
-7648
1552
9877
12892
9589
2088
-6390
-12517
-13522
-9913
-3995
1183
4209
4496
2604
-813
-4408
-8312
-11947
-14664
-16993
-18001
-17697
-16263
-13415
-10646
-8982
-9759
-12148
-14788
-15373
-12273
-4786
4972
13410
16824
14335
6323
-3667
-12471
-17007
-17911
-16255
-14251
-12637
-12206
-12073
-11803
-10646
-9665
-9329
-10427
-12269
-13791
-14861
-15450
-14861
-13791
-12269
-10948
-9575
-9209
-9575
-10948
-12269
-13791
-14861
-15020
-14659
-14168
-13153
-11208
-9203
-8291
-8655
-10247
-13043
-16223
-17780
-15890
-10767
-3602
4237
10736
15639
17739
17604
16042
13135
9776
7950
9098
13320
18155
20550
17795
8932
-3809
-14688
-18300
-13321
-1672
10747
18468
18043
11585
3088
-2426
-2939
1537
7806
12353
14098
13771
12161
10698
9430
8236
8104
9953
12654
15557
16014
12222
4202
-5766
-13939
-16561
-13088
-4180
6740
16215
21774
23120
20515
15227
8738
3180
-213
-605
2553
8371
14015
16713
15184
9549
2878
-2009
-3175
-850
1881
2187
-1206
-6405
-11068
-12418
-10105
-5332
-727
1294
-366
-4188
-8582
-11730
-11845
-9015
-4309
566
4964
8204
10094
10563
9690
7140
3629
-173
-3660
-6507
-8721
-10692
-11827
-12515
-12216
-10610
-8438
-5940
-3308
-398
1884
3451
3205
904
-3533
-8516
-11904
-11856
-7686
-945
6369
11646
14162
13578
11619
10178
9634
10007
10634
11039
10220
8069
4616
129
-4658
-9150
-11719
-11560
-7782
-1054
6268
11588
14173
14312
12620
10016
7680
5988
3964
1050
-3461
-8758
-13493
-16185
-16798
-16236
-15255
-14503
-14853
-15142
-14444
-11852
-6615
667
7656
12007
13312
12181
10390
9435
10646
12472
13503
11774
7333
376
-6653
-11424
-13631
-13847
-12638
-10867
-9363
-8274
-8425
-10073
-12863
-15036
-15127
-11548
-4846
3964
11882
16080
15999
11723
5498
-630
-4334
-5409
-3681
-100
4837
9182
11727
11475
7599
676
-6769
-12377
-14302
-12515
-9741
-8404
-10145
-13579
-15638
-13422
-6263
3451
11353
13192
8450
-231
-8684
-12725
-10377
-3298
5438
12141
14563
11980
6136
-878
-7207
-12223
-15010
-15216
-13024
-8652
-3678
590
2689
2213
493
-977
-1353
-291
905
1424
186
-1821
-2903
-1337
2749
7484
11136
12139
9493
4604
81
-1284
1088
6385
12298
16644
17592
15588
12289
9409
8624
9667
11295
12104
11357
10040
9100
9364
11442
13998
14913
12382
5965
-2009
-9022
-12380
-11153
-6197
-851
1766
124
-4377
-9413
-12468
-11701
-7383
-2079
1379
2364
1589
118
-570
-398
-34
208
-327
-1320
-3042
-5797
-9580
-14351
-18918
-20586
-17644
-9269
1763
10862
13525
8862
-708
-9938
-14020
-10082
-440
9491
13866
10670
974
-10243
-17839
-19714
-17204
-12758
-9337
-8687
-10250
-13099
-16065
-17436
-17201
-14893
-10409
-4903
1295
6794
10318
11866
10421
6519
516
-5805
-11254
-13639
-11728
-5645
2008
8700
11939
9979
3263
-5230
-12468
-15884
-15023
-11933
-8918
-7246
-6507
-5135
-1947
3735
9648
13358
12421
6887
-998
-8323
-11894
-11184
-7463
-2741
607
1242
-1390
-5968
-11193
-15093
-16668
-15271
-11025
-4116
4341
11834
16123
16118
11792
5297
-1242
-5657
-7776
-8590
-9458
-10926
-12912
-13727
-12374
-8178
-3135
743
1512
-1488
-6250
-10635
-12035
-10029
-5563
-1036
948
-25
-3812
-8241
-11124
-11706
-10079
-6188
-257
5922
10943
13142
11647
6214
-1718
-8824
-12092
-10063
-3535
4882
11918
16239
17097
15981
14442
13389
12839
12259
10832
9011
7068
4444
751
-3804
-8704
-11974
-12309
-9064
-3498
1121
1976
-2016
-8583
-14769
-17601
-15015
-8127
-945
2832
925
-5084
-11288
-13416
-10538
-4664
748
2233
-1378
-8281
-14733
-17142
-13733
-6110
3429
12119
17375
18812
17309
14287
10978
7416
3959
485
-2094
-3267
-2603
20
3569
6609
8916
10434
10284
8746
5384
263
-5312
-9460
-11441
-10902
-7360
-1632
4985
11166
15032
15966
14100
10518
5273
-268
-5759
-10554
-13909
-15178
-14059
-10756
-5757
-271
5325
10483
14494
17166
17643
15737
11778
7207
2889
-549
-1737
-1447
-243
966
985
-377
-1667
-1533
268
3009
4169
2155
-4083
-11616
-17220
-17415
-11712
-2043
7496
13120
12523
7194
915
-1994
-285
5328
12021
17035
18248
16146
12566
9772
8579
8520
9510
10816
12465
14435
15830
16271
14750
12045
9670
8987
10818
14285
16038
13546
5653
-4497
-12467
-13917
-7637
3938
14648
19018
14100
3142
-8344
-14008
-11865
-3047
7174
13832
13755
8651
1977
-2088
-1865
1828
7180
11749
14615
16153
16288
15568
13899
11517
9751
9667
11335
13995
15074
12793
6007
-3119
-10758
-12921
-9134
-691
8012
13232
12245
7134
1065
-1949
-570
5030
11856
16981
18767
18026
16028
14379
14042
14455
15238
16035
15549
14342
12429
10222
8009
5793
3374
662
-2177
-3701
-3383
-363
4150
9678
14039
15528
14007
10505
5599
119
-4072
-5600
-4231
28
5653
11158
14822
15540
12272
5652
-2796
-10730
-17212
-20214
-19617
-15362
-8753
-1065
6043
10881
13254
13310
12042
10692
10049
11104
13117
15131
16998
17365
15707
11694
5165
-2967
-9712
-12532
-10669
-5219
171
2163
-649
-6276
-11499
-12852
-9042
-876
7642
12594
12632
8892
3484
-1292
-3289
-3007
-1203
996
2061
1820
654
-655
-2250
-4565
-7379
-10653
-13345
-14335
-13413
-10561
-6125
-688
5066
10173
14339
16531
15814
11426
4714
-2739
-8722
-11778
-10503
-6530
-1840
1090
868
-2765
-7799
-11858
-14305
-14697
-14394
-14714
-15568
-16170
-16179
-15443
-13177
-9944
-5552
-291
5136
9628
11939
10965
7302
1298
-5268
-10568
-14141
-15898
-15075
-11472
-6261
-1578
1194
529
-2781
-7386
-10945
-11549
-7853
-277
8635
15934
20259
20321
16764
10778
3121
-5165
-12108
-16452
-16786
-14101
-10647
-8718
-9900
-13368
-15667
-13377
-6335
3742
11784
13349
7661
-2376
-12217
-17594
-15379
-7391
3276
12843
17827
17430
13601
9056
4685
313
-4363
-9859
-15154
-18511
-18858
-15924
-9180
-691
8175
15944
20333
21342
19057
14325
8721
3208
-2660
-9181
-15685
-20844
-21933
-17606
-7463
4618
14399
17491
13074
3756
-6395
-13151
-13567
-8195
-1341
2782
1379
-5038
-12757
-18020
-18828
-16732
-13996
-13163
-15216
-18096
-19498
-16803
-10145
-1488
6637
11694
12495
9553
4574
-440
-3751
-5121
-3851
46
5365
10293
13938
15296
14082
10025
4736
-204
-3617
-4411
-2964
326
4075
7484
9810
10567
9596
7114
3697
-36
-2817
-3452
-2274
49
3388
6883
9672
10736
10142
7828
4235
257
-4064
-7571
-10057
-11216
-11077
-10196
-9533
-9964
-11620
-13579
-14163
-11556
-6327
864
7498
11169
11684
9262
5024
280
-3607
-5888
-5197
-1350
5767
13260
18082
17009
10144
-899
-11507
-17610
-16849
-10317
-2418
2567
1677
-4245
-11945
-17929
-19598
-17605
-14481
-12683
-13909
-16060
-16680
-12978
-5198
3851
10844
12439
8349
456
-7524
-11799
-10897
-5706
2344
11131
18119
21237
20249
15172
7712
-809
-7763
-10757
-9703
-4490
2979
10590
16500
18798
17043
11196
2915
-5178
-10698
-11841
-7423
1468
10912
17023
17639
12688
5103
-1617
-6090
-7760
-8371
-9517
-11882
-14369
-16036
-15903
-13547
-9795
-5040
-181
4491
8786
11375
11800
9269
4950
742
-1683
-926
1434
3257
2353
-2359
-9474
-14567
-13625
-6215
4962
14686
18365
13610
3330
-7513
-13882
-12297
-4143
6202
13609
15930
13767
10192
8606
9839
12329
13808
11896
6378
-1081
-8961
-15259
-19144
-20240
-17791
-11574
-3271
5408
11285
12303
7454
-668
-8584
-12207
-10479
-3641
5047
12383
15892
15055
12113
9070
8239
9059
10766
12346
12535
12291
12407
13555
16238
18366
17848
13069
3497
-7619
-16140
-17877
-12308
-1544
8810
13363
10376
2064
-7256
-12825
-12242
-5494
3905
12285
17060
17985
15355
10469
4139
-2885
-8595
-11120
-10648
-7221
-2816
959
2330
1208
-592
-1399
275
4395
9028
12636
13491
12865
12263
13379
16647
20032
21060
17671
9135
-1850
-10766
-13763
-8660
1986
12884
18437
16600
9447
1356
-3200
-1470
5320
12073
14291
9020
-1092
-11830
-18728
-18955
-14554
-9357
-7186
-10531
-16491
-20776
-19293
-10018
3719
15592
19619
13642
1434
-10342
-14779
-9592
1853
13465
19020
15159
3565
-9736
-18403
-19537
-14394
-5970
2176
7024
9130
9409
9209
10051
11199
12082
11950
10570
9330
8866
9829
12172
14077
14327
11686
6028
-1322
-8027
-11602
-11638
-8205
-3422
900
2846
2818
1303
-352
-1859
-2197
-1539
394
2621
5482
8298
10401
12123
12736
12449
11541
9795
8104
7667
9452
13317
17596
19620
17119
9740
-310
-9074
-13013
-10183
-1903
7377
13434
13303
8429
1898
-2547
-3105
-268
2619
2727
-1606
-7829
-12772
-13200
-7984
498
8700
13196
11807
6506
572
-2639
-648
5143
11137
13371
10822
4961
-584
-2610
656
6777
12154
12885
7939
-824
-10264
-16641
-18924
-17366
-13783
-9970
-7919
-7504
-8721
-10917
-13221
-14640
-14159
-11035
-5346
2412
10152
15599
18451
17811
14853
11007
6633
2360
-486
-1285
551
3102
4290
1658
-4316
-12117
-17650
-17672
-10869
842
12077
18165
15847
7056
-4283
-13219
-17472
-17181
-14840
-13023
-13515
-15248
-15748
-12552
-5539
3145
11241
16451
17651
16119
13063
10490
8882
8292
8921
10464
12539
13714
13539
11723
7709
2436
-1480
-1443
2297
8915
14826
16801
14168
8602
2632
-946
-730
3471
9703
16071
20204
21663
19878
15451
8451
393
-6847
-11382
-12273
-9150
-4016
1352
4784
6367
7323
9379
12369
16056
18073
16801
12002
5992
917
-746
1163
5536
10931
15854
18227
17721
14780
10437
5759
2225
254
452
2193
5906
10492
15234
18631
19972
18861
15796
10610
5347
1143
-648
447
4241
8705
11655
12572
11698
10366
9678
10836
13714
16210
16771
13924
9047
3388
-1312
-4138
-5509
-6808
-9560
-13516
-17065
-18516
-16550
-10568
-1779
6699
12065
12720
9730
4463
-974
-5076
-7485
-8811
-10227
-11241
-12168
-12173
-11181
-8667
-5854
-2845
237
2049
2767
1928
-311
-3517
-7228
-11081
-14718
-17412
-18624
-16934
-11514
-3392
5233
12294
16187
15381
10788
4502
-1197
-3994
-3664
-1313
1388
3518
4584
6126
9505
13903
17506
18663
15918
9762
2178
-5251
-10526
-12994
-12064
-7796
-835
7392
14644
18362
16947
9793
-132
-9014
-12879
-10130
-1715
7664
13352
13121
7673
1104
-2498
-1196
3919
9657
12988
11700
7382
2078
-1901
-2610
-1133
952
2037
489
-2089
-3691
-1985
2893
9116
13367
12828
6833
-1903
-9640
-12622
-9239
-809
9187
16731
20042
18917
14893
9755
5531
2730
1208
851
395
211
-93
-423
-1415
-3667
-6853
-10500
-13934
-15482
-14655
-10813
-4879
2643
9917
15430
18216
18042
15320
11229
6137
1518
-1199
-744
2477
6831
10539
11931
9859
5023
288
-1368
646
6197
12399
16338
17347
16044
13360
10356
8471
8002
8884
10740
12778
14450
14259
11249
5345
-2413
-10153
-15691
-18495
-17732
-14667
-10752
-6618
-2731
-123
666
-379
-1854
-2528
-1260
2676
8284
12526
12463
7882
-311
-8259
-12897
-11914
-7115
-1381
2149
1163
-3534
-9242
-12970
-13261
-10989
-8658
-8981
-11962
-15766
-18035
-16300
-10715
-2945
5000
10659
13419
12622
8302
808
-7769
-15517
-19243
-16657
-8325
2669
12333
16480
13957
5097
-6320
-16002
-21971
-22566
-18481
-10985
-1854
6634
11929
11815
6753
-1828
-9553
-12189
-8938
-363
9485
16387
18602
15209
8175
-575
-8067
-13171
-14355
-11402
-4313
5108
13234
16961
14248
5807
-4621
-12657
-16787
-16491
-14521
-13300
-14509
-17098
-18682
-17232
-11370
-2912
5844
12363
15209
15515
14537
13982
14688
15512
15111
12250
6299
-1824
-8962
-12705
-11356
-6851
-1516
2080
1947
-457
-2774
-1985
1914
8058
12696
12601
7449
-466
-7978
-11702
-10530
-5286
2551
11137
17720
20969
20163
15131
7696
-439
-7156
-10874
-10223
-5095
2728
10792
17575
20923
20273
15814
7691
-1831
-10635
-16676
-18107
-15162
-10922
-8745
-9494
-12621
-14799
-13067
-6750
2476
10279
12614
8727
657
-8766
-16092
-19691
-19708
-16412
-10987
-4799
47
2263
520
-4099
-10426
-15365
-16004
-12216
-4498
4270
11528
14702
12773
7107
-480
-7930
-13938
-16752
-15231
-9930
-1824
7268
15511
20853
21954
19589
14989
9492
4826
1581
-57
842
3799
7774
11534
13518
12934
11096
9382
8301
7884
6141
1508
-5462
-12292
-16672
-16296
-11312
-3209
5249
11059
13255
11872
7246
747
-6679
-12480
-14827
-12492
-5185
4420
11990
13226
7459
-3520
-13899
-18589
-14649
-3939
7636
14346
12668
4119
-6538
-13807
-15667
-13368
-9900
-8288
-10445
-14478
-17670
-17449
-12083
-3602
5553
12510
15630
15805
14564
14032
14603
15244
14712
12041
6405
-1216
-8154
-12399
-11959
-8300
-3038
1272
3985
5634
7138
9855
13210
16770
18228
15783
9886
1913
-6855
-14703
-20711
-23944
-22860
-16659
-6901
3636
11130
12291
6883
-2433
-11708
-16443
-15325
-8138
1949
11284
17949
19922
17461
10992
2618
-6076
-11763
-11808
-6404
2911
11928
16890
15335
7470
-3090
-12588
-17812
-17801
-14209
-9154
-4267
479
5054
9923
13955
15807
14887
10876
4910
-1153
-6498
-10489
-11854
-10729
-6766
-292
6946
12790
15903
15075
10971
4731
-2732
-9866
-15884
-18779
-17644
-12120
-3162
6075
12305
12628
6441
-3788
-13366
-17629
-14586
-5151
5772
13448
14730
9972
2912
-2181
-3781
-2568
-209
1340
1128
113
-795
-892
1138
4184
7862
10998
13568
15512
16232
15143
12931
9586
5296
317
-4931
-9818
-13618
-16009
-16395
-15486
-14438
-14373
-15764
-17420
-18119
-16767
-12405
-5827
-138
1981
-406
-5794
-10979
-12651
-10015
-5004
-205
1529
-819
-6752
-13024
-16475
-15942
-12223
-6275
-15
5949
10428
12519
11310
7926
3187
-449
-1283
1700
6943
11488
12556
8389
-431
-10247
-17743
-20168
-18288
-14833
-13032
-13772
-15555
-16009
-13131
-5806
3594
11113
13147
8361
-880
-10838
-17498
-18681
-15872
-11566
-9120
-9437
-12569
-15781
-16496
-14152
-9749
-4480
20
3212
4866
4193
926
-4182
-9993
-13479
-12426
-6390
2088
9589
12280
9589
2088
-6390
-12211
-13378
-10181
-4624
627
4299
5474
4020
-12
-5242
-10902
-14977
-15951
-13497
-8206
-2607
1107
1159
-2474
-7642
-11802
-13973
-13870
-12258
-10403
-8072
-5472
-2622
250
3016
5029
7140
10157
13145
15213
14957
11425
4925
-3486
-11175
-16140
-16531
-13062
-6751
777
7261
11740
14022
14238
13151
11056
7217
1739
-5465
-11793
-14895
-13134
-5657
4044
11868
13387
8036
-1748
-10692
-13472
-8802
1748
12425
17601
15183
6161
-5806
-16294
-23074
-25296
-22651
-15590
-6238
3534
10448
11807
7717
-371
-8310
-12476
-10233
-1938
8587
17190
21268
19839
15021
9376
4072
-1064
-5813
-9992
-13910
-16378
-17064
-15516
-12388
-8609
-4423
122
3772
7008
9271
10851
11351
11570
11374
11101
10550
9747
9513
10487
12246
13768
14919
15134
14818
13956
12688
11490
9738
8523
8297
9426
12140
15346
16313
12621
4800
-4411
-11380
-12499
-7502
2164
11752
16743
15381
8616
-1305
-11514
-19021
-22007
-20498
-15365
-7494
1475
8673
11893
9634
2579
-5998
-12572
-15175
-13493
-10374
-8454
-9453
-12624
-14787
-13165
-6850
1631
9223
13024
11253
6007
408
-1851
82
4795
9778
11953
10959
6996
2435
-413
-837
930
4789
10119
15694
20186
21107
17062
7764
-4017
-13878
-17883
-13976
-3859
7188
14164
13661
7299
-171
-3425
-840
6238
12733
13732
8313
-680
-9092
-12548
-9669
-2164
7430
15970
21040
22006
18477
11338
1570
-8306
-15271
-16532
-12010
-2987
6478
12243
12934
8759
2907
-1526
-2180
1389
6905
12292
15011
15210
13145
9483
5608
978
-4103
-9330
-14651
-17989
-17711
-12588
-3191
7658
15777
17802
12110
1767
-8470
-13748
-11226
-2214
8043
14348
13601
6985
-434
-3882
-648
6615
13223
14416
8392
-1632
-10767
-14277
-9692
0
9691
14367
10809
1552
-8580
-14276
-13053
-6593
439
3654
318
-6858
-13274
-14435
-7971
3122
13798
18870
16135
8258
99
-2997
344
7801
15064
17494
13749
5164
-4676
-12075
-14719
-12831
-7274
467
7872
13956
16824
15348
10240
2752
-5005
-10630
-13299
-11793
-7060
-153
6853
11812
13521
11471
5558
-2277
-9101
-12024
-9815
-2765
5783
12424
15259
14077
11240
8966
9052
10882
12614
12690
9551
4795
309
-1637
-799
1288
2681
1486
-2776
-8099
-12034
-11802
-7407
555
9245
16349
19382
18752
15175
10521
5537
1537
-583
-19
2725
7072
11807
15299
17552
17838
16902
15150
13808
13745
14451
15699
16250
16033
14230
10782
5278
-1623
-8920
-15370
-19967
-21297
-19588
-15523
-9237
-1375
6063
11260
13701
14024
12591
10169
7915
6256
4214
1147
-3522
-9448
-14436
-16998
-15918
-13028
-10072
-9066
-10783
-13497
-14910
-12663
-6306
2662
10230
12670
9266
1589
-6784
-12076
-12808
-9890
-4746
689
4317
5014
3230
-93
-4417
-8893
-11701
-11211
-7585
-1133
5927
11256
14225
14266
12614
10219
8802
8643
9575
11081
12524
13288
12809
10885
6963
1080
-5439
-11011
-15215
-17045
-16888
-14830
-12158
-8609
-4653
-656
3553
7755
10763
12127
10993
9055
7875
8850
12877
17656
20276
17617
9770
-1390
-10629
-13692
-8578
2061
12809
18215
15529
6574
-4612
-13579
-16933
-14848
-10716
-7776
-8680
-11650
-14191
-13301
-8633
-2451
2112
1999
-2936
-9921
-15633
-16799
-12024
-3007
7532
16073
20975
21009
17106
10903
3239
-4524
-10153
-12272
-9715
-4204
976
2651
-886
-8213
-14258
-14120
-6962
5045
15523
19047
12970
687
-11913
-18446
-16350
-7431
4049
13169
17085
16013
12409
8911
7858
8692
10501
11950
12152
11838
11058
10433
9316
6926
3636
-169
-4045
-7039
-9169
-10111
-10343
-8975
-5866
-1074
5289
12034
16585
16774
12715
6520
894
-1237
594
5238
9919
11529
9525
3753
-3762
-10737
-16054
-18465
-17151
-12052
-3685
5973
12721
13399
6666
-4584
-14846
-18889
-14038
-2456
9338
14661
11321
1146
-9491
-14687
-11171
-1666
8605
13839
11779
4096
-5523
-13252
-15909
-14686
-11506
-8759
-8557
-10041
-11902
-12711
-11233
-8981
-7630
-9154
-13020
-17141
-19093
-17085
-9975
-401
8286
12552
10825
3703
-5321
-12434
-15971
-16431
-15209
-14507
-14429
-15324
-15972
-15759
-13646
-10423
-5872
-8
5528
10130
12211
10701
6310
-556
-8150
-14943
-19417
-21052
-18558
-11605
-1811
7740
14487
15965
12136
4361
-4489
-11640
-14353
-11944
-6095
663
6940
10712
11892
10459
6751
947
-5489
-10783
-14760
-16302
-16206
-15520
-13949
-12469
-11109
-9824
-9350
-8817
-6762
-2150
5575
14393
19930
18285
9429
-3799
-15033
-18672
-12639
-499
11920
18154
15751
5576
-7326
-17427
-22057
-20934
-16020
-9824
-4439
-352
1346
493
-2959
-8130
-12094
-12081
-7807
79
7950
12245
12109
7759
2350
-989
-1115
1491
5946
10824
14807
16773
15807
11165
4303
-3561
-9590
-11559
-8829
-2111
5665
11574
13679
11604
6338
-663
-7308
-12035
-14568
-15131
-13232
-9071
-4045
62
2940
3511
2277
-142
-3231
-6062
-8639
-10472
-12196
-13633
-14763
-15882
-16026
-15988
-15470
-14394
-13249
-11381
-7758
-1387
6694
14416
18686
17292
9612
-2032
-12632
-17418
-14726
-6476
3968
12257
16542
16013
12952
