16384 0
15137 6270
11585 11585
6270 15137
0 16384
-6270 15137
-11585 11585
-15137 6270
-16384 0
-15137 -6270
-11585 -11585
-6270 -15137
0 -16384
6270 -15137
11585 -11585
15137 -6270
16382 286
15025 6533
11381 11786
6005 15244
-286 16382
-6533 15025
-11786 11381
-15244 6005
-16382 -286
-15025 -6533
-11381 -11786
-6005 -15244
286 -16382
6533 -15025
11786 -11381
15244 -6005
15396 5604
12080 11069
6924 14849
715 16368
-5604 15396
-11069 12080
-14849 6924
-16368 715
-15396 -5604
-12080 -11069
-6924 -14849
-715 -16368
5604 -15396
11069 -12080
14849 -6924
16368 -715
